1
2
1
3
2
4
3
5
4
6
5
7
6
8
7
9
8
10
9
11
10
12
11
13
12
14
13
15
14
16
15
17
16
18
17
19
18
20
19
21
20
22
21
23
22
24
23
25
24
26
25
27
26
28
27
29
28
30
29
31
30
32
31
33
32
34
33
35
34
36
35
37
36
38
37
39
38
40
39
41
40
42
41
43
42
44
43
45
44
46
45
47
46
48
47
49
48
50
49
51
50
52
51
53
52
54
53
55
54
56
55
57
56
58
57
59
58
60
59
61
60
62
61
63
62
64
63
65
64
66
65
67
66
68
67
69
68
70
69
71
70
72
71
73
72
73
74
74
75
75
76
76
77
77
78
78
79
79
80
80
81
81
82
82
83
83
84
84
85
85
86
86
87
87
88
88
89
89
90
90
91
91
92
92
93
93
94
94
95
95
96
96
97
97
98
98
99
99
100
100
101
101
102
102
103
103
104
104
105
105
106
106
107
107
108
108
109
109
110
110
111
111
112
112
113
113
114
114
115
115
116
116
117
117
118
118
119
119
120
120
121
121
122
122
123
123
124
124
125
125
126
126
127
127
128
128
129
129
130
130
131
131
132
132
133
133
134
134
135
135
136
136
137
137
138
138
139
139
140
141
140
142
141
143
142
144
143
145
144
146
145
147
146
148
147
149
148
150
149
151
150
152
151
153
152
154
153
155
154
156
155
157
156
158
157
159
158
160
159
161
160
162
161
163
162
164
163
165
164
166
165
167
166
168
167
169
168
170
169
171
170
172
171
173
172
174
173
175
174
176
175
177
176
178
177
179
178
180
179
181
180
182
181
183
182
184
183
185
184
186
185
187
186
188
187
189
188
190
189
191
190
192
191
193
192
194
193
195
194
196
195
197
196
198
197
199
198
200
199
201
200
202
201
203
202
204
203
205
204
206
205
207
206
208
207
209
208
210
209
211
210
212
211
213
212
214
213
215
214
216
215
217
216
218
217
219
218
220
219
221
220
222
221
223
222
224
223
225
224
226
225
227
226
228
227
229
228
230
229
231
230
232
231
233
232
234
233
235
234
236
235
237
236
238
237
239
238
240
239
241
240
242
241
243
242
244
243
245
244
246
245
247
246
248
247
249
248
250
249
251
250
252
251
253
252
254
253
255
254
256
255
257
256
258
257
259
258
260
259
261
260
262
261
263
262
264
263
265
264
266
265
267
266
268
267
269
268
270
269
271
270
272
271
273
272
274
273
275
274
276
275
277
276
278
277
279
278
280
279
281
280
282
281
283
282
284
283
285
284
286
285
287
286
288
287
289
288
290
289
291
290
292
291
293
292
294
293
295
294
296
295
297
296
298
297
299
298
300
299
301
300
302
301
303
302
304
303
305
304
306
305
307
306
308
307
309
308
310
309
311
310
312
311
313
312
314
313
315
314
316
315
317
316
318
317
319
318
320
319
321
320
322
321
323
322
324
323
325
324
326
325
327
326
328
327
329
328
330
329
331
330
332
331
333
332
334
333
335
334
336
335
337
336
338
337
339
338
340
339
341
340
342
341
343
342
344
343
345
344
346
345
347
346
348
347
349
348
350
349
351
350
352
351
353
352
354
353
355
354
356
355
357
356
358
357
359
358
360
359
361
360
362
361
363
362
364
363
365
364
366
365
367
366
368
367
369
368
370
369
371
370
372
371
373
372
374
373
375
374
376
375
377
376
378
377
379
378
380
379
381
380
382
381
383
382
384
383
385
384
386
385
387
386
388
387
389
388
390
389
391
390
392
391
393
392
394
393
395
394
396
395
397
396
398
397
399
398
400
399
401
400
402
401
403
402
404
403
405
404
406
405
407
406
408
407
409
408
410
409
411
410
412
411
413
412
414
413
415
414
416
415
417
416
418
417
419
418
420
419
421
420
422
421
423
422
424
423
425
424
426
425
427
426
428
427
429
428
430
429
431
430
432
431
433
432
434
433
435
434
436
435
437
436
438
437
439
438
440
439
441
440
442
441
443
442
444
443
445
444
446
445
447
446
448
447
449
448
450
449
451
450
452
451
453
452
454
453
455
454
456
455
457
456
458
457
459
458
460
459
461
460
462
461
463
462
464
463
465
464
466
465
467
466
468
467
469
468
470
469
471
470
472
471
473
472
474
473
475
474
476
475
477
476
478
477
479
478
480
479
481
480
482
481
483
482
484
483
485
484
486
485
487
486
488
487
489
488
490
489
491
490
492
491
493
492
494
493
495
494
496
495
497
496
498
497
499
498
500
499
501
500
502
501
503
502
504
503
505
504
506
505
507
506
508
507
509
508
510
509
511
510
512
511
513
512
514
513
515
514
516
515
517
516
518
517
519
518
520
519
521
520
522
521
523
522
524
523
525
524
526
525
527
526
528
527
529
528
530
529
531
530
532
531
533
532
534
533
535
534
536
535
537
536
538
537
539
538
540
539
541
540
542
541
543
542
544
543
545
544
546
545
547
546
548
547
549
548
550
549
551
550
552
551
553
552
554
553
555
554
556
555
557
556
558
557
559
558
560
559
561
560
562
561
563
562
564
563
565
564
566
565
567
566
568
567
569
568
570
569
571
570
572
571
573
572
574
573
575
574
576
575
577
576
578
577
579
578
580
579
581
580
582
581
583
582
584
583
585
584
586
585
587
586
588
587
589
588
590
589
591
590
592
591
593
592
594
593
595
594
596
595
597
596
598
597
599
598
600
599
601
600
602
601
603
602
604
603
605
604
606
605
607
606
608
607
609
608
610
609
611
610
612
611
613
612
614
613
615
614
616
615
617
616
618
617
619
618
620
619
621
620
622
621
623
622
624
623
625
624
626
625
627
626
628
627
629
628
630
629
631
630
632
631
633
632
634
633
635
634
636
635
637
636
638
637
639
638
640
639
641
640
642
641
643
642
644
643
645
644
646
645
647
646
648
647
649
648
650
649
651
652
650
653
651
654
652
655
653
656
654
657
655
658
656
659
657
660
658
661
659
662
660
663
661
664
662
665
663
666
664
667
665
668
666
669
667
670
668
671
669
672
670
673
671
674
672
675
673
676
674
677
675
678
676
679
677
680
678
681
679
682
680
683
681
684
682
685
683
686
684
687
685
688
686
689
687
690
688
691
689
692
690
693
691
694
692
695
693
696
694
697
695
698
696
699
697
700
698
701
699
702
700
703
701
704
702
705
703
706
704
707
705
708
706
709
707
710
708
711
709
712
710
713
711
714
712
715
713
716
714
717
715
718
716
719
717
720
718
721
719
722
720
723
721
724
722
725
723
726
724
727
725
728
726
729
727
730
728
731
729
732
730
733
731
734
732
735
733
736
734
737
735
738
736
739
737
740
738
741
739
742
740
743
741
744
742
745
743
746
744
747
745
748
746
749
747
750
748
751
749
752
750
753
751
754
752
755
753
756
754
757
755
758
756
759
757
760
758
761
759
762
760
763
761
764
762
765
763
766
764
767
765
768
766
769
767
770
768
771
769
772
770
773
771
774
772
775
773
776
774
777
775
778
776
779
777
780
778
781
779
782
780
783
781
784
782
785
783
786
784
787
785
788
786
789
787
790
788
791
789
792
790
793
791
794
792
795
793
796
794
797
795
798
796
799
797
800
798
801
799
802
800
803
801
804
802
805
803
806
804
807
805
808
806
809
807
810
808
811
809
812
810
813
811
814
812
815
813
816
814
817
815
818
816
819
817
820
818
821
819
822
820
823
821
824
822
825
823
826
824
827
825
828
826
829
827
830
828
831
829
832
830
833
831
834
832
835
833
836
834
837
835
838
836
839
837
840
838
841
839
842
840
843
841
844
842
845
843
846
844
847
845
848
846
849
847
850
848
851
849
852
850
853
851
854
852
855
853
856
854
857
855
858
856
859
857
860
858
861
859
862
860
863
861
864
862
865
863
866
864
867
865
868
866
869
867
870
868
871
869
872
870
873
871
874
872
875
873
876
874
877
875
878
876
879
877
880
878
881
879
882
880
883
881
884
882
885
883
886
884
887
885
888
886
889
887
890
888
891
889
892
890
893
891
894
892
895
893
896
894
897
895
898
896
899
897
900
898
901
899
902
900
903
901
904
902
905
903
906
904
907
905
908
906
909
907
910
908
911
909
912
910
913
911
914
912
915
913
916
914
917
915
918
916
919
917
920
918
921
919
922
920
923
921
924
922
925
923
926
924
927
925
928
926
929
927
930
928
931
929
932
930
933
931
934
932
935
933
936
934
937
935
938
936
939
937
940
938
941
939
942
940
943
941
944
942
945
943
946
944
947
945
948
946
949
947
950
948
951
949
952
950
953
951
954
952
955
953
956
954
957
955
958
956
959
957
960
958
961
959
962
960
963
961
964
962
965
963
966
964
967
965
968
966
969
967
970
968
971
969
972
970
973
971
974
972
975
973
976
974
977
975
978
976
979
977
980
978
981
979
982
980
983
981
984
982
985
983
986
984
987
985
988
986
989
987
990
988
991
989
992
990
993
991
994
992
995
993
996
994
997
995
998
996
999
997
1000
998
1001
999
1002
1000
1003
1001
1004
1002
1005
1003
1006
1004
1007
1005
1008
1006
1009
1007
1010
1008
1011
1009
1012
1010
1013
1011
1014
1012
1015
1013
1016
1014
1017
1015
1018
1016
1019
1017
1020
1018
1021
1019
1022
1020
1023
1021
1024
1022
1025
1023
1026
1024
1027
1025
1028
1026
1029
1027
1030
1028
1031
1029
1032
1030
1033
1031
1034
1032
1035
1033
1036
1034
1037
1035
1038
1036
1039
1037
1040
1038
1041
1039
1042
1040
1043
1041
1044
1042
1045
1043
1046
1044
1047
1045
1048
1046
1049
1047
1050
1048
1051
1049
1052
1050
1053
1051
1054
1052
1055
1053
1056
1054
1057
1055
1058
1056
1059
1057
1060
1058
1061
1059
1062
1060
1063
1061
1064
1062
1065
1063
1066
1064
1067
1065
1068
1066
1069
1067
1070
1068
1071
1069
1072
1070
1073
1071
1074
1072
1075
1073
1076
1074
1077
1075
1078
1076
1079
1077
1080
1078
1081
1079
1082
1080
1083
1081
1084
1082
1085
1083
1086
1084
1087
1085
1088
1086
1089
1087
1090
1088
1091
1089
1092
1090
1093
1091
1094
1092
1095
1093
1096
1094
1097
1095
1098
1096
1099
1097
1100
1098
1101
1099
1102
1100
1103
1101
1104
1102
1105
1103
1106
1104
1107
1105
1108
1106
1109
1107
1110
1108
1111
1109
1112
1110
1113
1111
1114
1112
1115
1113
1116
1114
1117
1115
1118
1116
1119
1117
1120
1118
1121
1119
1122
1120
1123
1121
1124
1122
1125
1123
1126
1124
1127
1125
1128
1126
1129
1127
1130
1128
1131
1129
1132
1130
1133
1131
1134
1132
1135
1133
1136
1134
1137
1135
1138
1136
1139
1137
1140
1138
1141
1139
1142
1140
1143
1141
1144
1142
1145
1143
1146
1144
1147
1145
1148
1146
1149
1147
1150
1148
1151
1149
1152
1150
1153
1151
1154
1152
1155
1153
1156
1154
1157
1155
1158
1156
1159
1157
1160
1158
1161
1159
1162
1160
1163
1161
1164
1162
1165
1163
1166
1164
1167
1165
1168
1166
1169
1167
1170
1168
1171
1169
1172
1170
1173
1171
1174
1172
1175
1173
1176
1174
1177
1175
1178
1176
1179
1177
1180
1178
1181
1179
1182
1180
1183
1181
1184
1182
1185
1183
1186
1184
1187
1185
1188
1186
1189
1187
1190
1188
1191
1189
1192
1190
1193
1191
1194
1192
1195
1193
1196
1194
1197
1195
1198
1196
1199
1197
1200
1198
1201
1199
1202
1200
1203
1201
1204
1202
1205
1203
1206
1204
1207
1205
1208
1206
1209
1207
1210
1208
1211
1209
1212
1210
1213
1211
1214
1212
1215
1213
1216
1214
1217
1215
1218
1216
1219
1217
1220
1218
1221
1219
1222
1220
1223
1221
1224
1222
1225
1223
1226
1224
1227
1225
1228
1226
1229
1227
1230
1228
1231
1229
1232
1230
1233
1231
1234
1232
1235
1233
1236
1234
1237
1235
1238
1236
1239
1237
1240
1238
1241
1239
1242
1240
1243
1241
1244
1242
1245
1243
1246
1244
1247
1245
1248
1246
1249
1247
1250
1248
1251
1249
1252
1250
1253
1251
1254
1252
1255
1253
1256
1254
1257
1255
1258
1256
1259
1257
1260
1258
1261
1259
1262
1260
1263
1261
1264
1262
1265
1263
1266
1264
1267
1265
1268
1266
1269
1267
1270
1268
1271
1269
1272
1270
1273
1271
1274
1272
1275
1273
1276
1274
1277
1275
1278
1276
1279
1277
1280
1278
1281
1279
1282
1280
1283
1281
1284
1282
1285
1283
1286
1284
1287
1285
1288
1286
1289
1287
1290
1288
1291
1289
1292
1290
1293
1291
1294
1292
1295
1293
1296
1294
1297
1295
1298
1296
1299
1297
1300
1298
1301
1299
1302
1300
1303
1301
1304
1302
1305
1303
1306
1304
1307
1305
1308
1306
1309
1307
1310
1308
1311
1309
1312
1310
1313
1311
1314
1312
1315
1313
1316
1314
1317
1315
1318
1316
1319
1317
1320
1318
1321
1319
1322
1320
1323
1321
1324
1322
1325
1323
1326
1324
1327
1325
1328
1326
1329
1327
1330
1328
1331
1329
1332
1330
1333
1331
1334
1332
1335
1333
1336
1334
1337
1335
1338
1336
1339
1337
1340
1338
1341
1339
1342
1340
1343
1341
1344
1342
1345
1343
1346
1344
1347
1345
1348
1346
1349
1347
1350
1348
1351
1349
1352
1350
1353
1351
1354
1352
1355
1353
1356
1354
1357
1355
1358
1356
1359
1357
1360
1358
1361
1359
1362
1360
1363
1361
1364
1362
1365
1363
1366
1364
1367
1365
1368
1366
1369
1367
1370
1368
1371
1369
1372
1370
1373
1371
1374
1372
1375
1373
1376
1374
1377
1375
1378
1376
1379
1377
1380
1378
1381
1379
1382
1380
1383
1381
1384
1382
1385
1383
1386
1384
1387
1385
1388
1386
1389
1387
1390
1388
1391
1389
1392
1390
1393
1391
1394
1392
1395
1393
1396
1394
1397
1395
1398
1396
1399
1397
1400
1398
1401
1399
1402
1400
1403
1401
1404
1402
1405
1403
1406
1404
1407
1405
1408
1406
1409
1407
1410
1408
1411
1409
1412
1410
1413
1411
1414
1412
1415
1413
1416
1414
1417
1415
1418
1416
1419
1417
1420
1418
1421
1419
1422
1420
1423
1421
1424
1422
1425
1423
1426
1424
1427
1425
1428
1426
1429
1427
1430
1428
1431
1429
1432
1430
1433
1431
1434
1432
1435
1433
1436
1434
1437
1435
1438
1436
1439
1440
1437
1441
1438
1442
1439
1443
1440
1444
1441
1445
1442
1446
1443
1447
1444
1448
1445
1449
1446
1450
1447
1451
1448
1452
1449
1453
1450
1454
1451
1455
1452
1456
1453
1457
1454
1458
1455
1459
1456
1460
1457
1461
1458
1462
1459
1463
1460
1464
1461
1465
1462
1466
1463
1467
1464
1468
1465
1469
1466
1470
1467
1471
1468
1472
1469
1473
1470
1474
1471
1475
1472
1476
1473
1477
1474
1478
1475
1479
1476
1480
1477
1481
1478
1482
1479
1483
1480
1484
1481
1485
1482
1486
1483
1487
1484
1488
1485
1489
1486
1490
1487
1491
1488
1492
1489
1493
1490
1494
1491
1495
1492
1496
1493
1497
1494
1498
1495
1499
1496
1500
1497
1501
1498
1502
1499
1503
1500
1504
1501
1505
1502
1506
1503
1507
1504
1508
1505
1509
1506
1510
1507
1511
1508
1512
1509
1513
1510
1514
1511
1515
1512
1516
1513
1517
1514
1518
1515
1519
1516
1520
1517
1521
1518
1522
1519
1523
1520
1524
1521
1525
1522
1526
1523
1527
1524
1528
1525
1529
1526
1530
1527
1531
1528
1532
1529
1533
1530
1534
1531
1535
1532
1536
1533
1537
1534
1538
1535
1539
1536
1540
1537
1541
1538
1542
1539
1543
1540
1544
1541
1545
1542
1546
1543
1547
1544
1548
1545
1549
1546
1550
1547
1551
1548
1552
1549
1553
1550
1554
1551
1555
1552
1556
1553
1557
1554
1558
1555
1559
1556
1560
1557
1561
1558
1562
1559
1563
1560
1564
1561
1565
1562
1566
1563
1567
1564
1568
1565
1569
1566
1570
1567
1571
1568
1572
1569
1573
1570
1574
1571
1575
1572
1576
1573
1577
1574
1578
1575
1579
1576
1580
1577
1581
1578
1582
1579
1583
1580
1584
1581
1585
1582
1586
1583
1587
1584
1588
1585
1589
1586
1590
1587
1591
1588
1592
1589
1593
1590
1594
1591
1595
1592
1596
1593
1597
1594
1598
1595
1599
1596
1600
1597
1601
1598
1602
1599
1603
1600
1604
1601
1605
1602
1606
1603
1607
1604
1608
1605
1609
1606
1610
1607
1611
1608
1612
1609
1613
1610
1614
1611
1615
1612
1616
1613
1617
1614
1618
1615
1619
1616
1620
1617
1621
1618
1622
1619
1623
1620
1624
1621
1625
1622
1626
1623
1627
1624
1628
1625
1629
1626
1630
1627
1631
1628
1632
1629
1633
1630
1634
1631
1635
1632
1636
1633
1637
1634
1638
1635
1639
1636
1640
1637
1641
1638
1642
1639
1643
1640
1644
1641
1645
1642
1646
1643
1647
1644
1648
1645
1649
1646
1650
1647
1651
1648
1652
1649
1653
1650
1654
1651
1655
1652
1656
1653
1657
1654
1658
1655
1659
1656
1660
1657
1661
1658
1662
1659
1663
1660
1664
1661
1665
1662
1666
1663
1667
1664
1668
1665
1669
1666
1670
1667
1671
1668
1672
1669
1673
1670
1674
1671
1675
1672
1676
1673
1677
1674
1678
1675
1679
1676
1680
1677
1681
1678
1682
1679
1683
1680
1684
1681
1685
1682
1686
1683
1687
1684
1688
1685
1689
1686
1690
1687
1691
1688
1692
1689
1693
1690
1694
1691
1695
1692
1696
1693
1697
1694
1698
1695
1699
1696
1700
1697
1701
1698
1702
1699
1703
1700
1704
1701
1705
1702
1706
1703
1707
1704
1708
1705
1709
1706
1710
1707
1711
1708
1712
1709
1713
1710
1714
1711
1715
1712
1716
1713
1717
1714
1718
1715
1719
1716
1720
1717
1721
1718
1722
1719
1723
1720
1724
1721
1725
1722
1726
1723
1727
1724
1728
1725
1729
1726
1730
1727
1731
1728
1732
1729
1733
1730
1734
1731
1735
1732
1736
1733
1737
1734
1738
1735
1739
1736
1740
1737
1741
1738
1742
1739
1743
1740
1744
1741
1745
1742
1746
1743
1747
1744
1748
1745
1749
1746
1750
1747
1751
1748
1752
1749
1753
1750
1754
1751
1755
1752
1756
1753
1757
1754
1758
1755
1759
1756
1760
1757
1761
1758
1762
1759
1763
1760
1764
1761
1765
1762
1766
1763
1767
1764
1768
1765
1769
1766
1770
1767
1771
1768
1772
1769
1773
1770
1774
1771
1775
1772
1776
1773
1777
1774
1778
1775
1779
1776
1780
1777
1781
1778
1782
1779
1783
1780
1784
1781
1785
1782
1786
1783
1787
1784
1788
1785
1789
1786
1790
1787
1791
1788
1792
1789
1793
1790
1794
1791
1795
1792
1796
1793
1797
1794
1798
1795
1799
1796
1800
1797
1801
1798
1802
1799
1803
1800
1804
1801
1805
1802
1806
1803
1807
1804
1808
1805
1809
1806
1810
1807
1811
1808
1812
1809
1813
1810
1814
1811
1815
1812
1816
1813
1817
1814
1818
1815
1819
1816
1820
1817
1821
1818
1822
1819
1823
1820
1824
1821
1825
1822
1826
1823
1827
1824
1828
1825
1829
1826
1830
1827
1831
1828
1832
1829
1833
1830
1834
1831
1835
1832
1836
1833
1837
1834
1838
1835
1839
1836
1840
1837
1841
1838
1842
1839
1843
1840
1844
1841
1845
1842
1846
1843
1847
1844
1848
1845
1849
1846
1850
1847
1851
1848
1852
1849
1853
1850
1854
1851
1855
1852
1856
1853
1857
1854
1858
1855
1859
1856
1860
1857
1861
1858
1862
1859
1863
1860
1864
1861
1865
1862
1866
1863
1867
1864
1868
1865
1869
1866
1870
1867
1871
1868
1872
1869
1873
1870
1874
1871
1875
1872
1876
1873
1877
1874
1878
1875
1879
1876
1880
1877
1881
1878
1882
1879
1883
1880
1884
1881
1885
1882
1886
1883
1887
1884
1888
1885
1889
1886
1890
1887
1891
1888
1892
1889
1893
1890
1894
1891
1895
1892
1896
1893
1897
1894
1898
1895
1899
1896
1900
1897
1901
1898
1902
1899
1903
1900
1904
1901
1905
1902
1906
1903
1907
1904
1908
1905
1909
1906
1910
1907
1911
1908
1912
1909
1913
1910
1914
1911
1915
1912
1916
1913
1917
1914
1918
1915
1919
1916
1920
1917
1921
1918
1922
1919
1923
1920
1924
1921
1925
1922
1926
1923
1927
1924
1928
1925
1929
1926
1930
1927
1931
1928
1932
1929
1933
1930
1934
1931
1935
1932
1936
1933
1937
1934
1938
1935
1939
1936
1940
1937
1941
1938
1942
1939
1943
1940
1944
1941
1945
1942
1946
1943
1947
1944
1948
1945
1949
1946
1950
1947
1951
1948
1952
1949
1953
1950
1954
1951
1955
1952
1956
1953
1957
1954
1958
1955
1959
1956
1960
1957
1961
1958
1962
1959
1963
1960
1964
1961
1965
1962
1966
1963
1967
1964
1968
1965
1969
1966
1970
1967
1971
1968
1972
1969
1973
1970
1974
1971
1975
1972
1976
1973
1977
1974
1978
1975
1979
1976
1980
1977
1981
1978
1982
1979
1983
1980
1984
1981
1985
1982
1986
1983
1987
1984
1988
1985
1989
1986
1990
1987
1991
1988
1992
1989
1993
1990
1994
1991
1995
1992
1996
1993
1997
1994
1998
1995
1999
1996
2000
1997
2001
1998
2002
1999
2003
2000
2004
2001
2005
2002
2006
2003
2007
2004
2008
2005
2009
2006
2010
2007
2011
2008
2012
2009
2013
2010
2014
2011
2015
2012
2016
2013
2017
2014
2018
2015
2019
2016
2020
2017
2021
2018
2022
2019
2023
2020
2024
2021
2025
2022
2026
2023
2027
2024
2028
2025
2029
2026
2030
2027
2031
2028
2032
2029
2033
2030
2034
2031
2035
2032
2036
2033
2037
2034
2038
2035
2039
2036
2040
2037
2041
2038
2042
2039
2043
2040
2044
2041
2045
2042
2046
2043
2047
2044
2048
2045
2049
2046
2050
2047
2051
2048
2052
2049
2053
2050
2054
2051
2055
2052
2056
2053
2057
2054
2058
2055
2059
2056
2060
2057
2061
2058
2062
2059
2063
2060
2064
2061
2065
2062
2066
2063
2067
2064
2068
2065
2069
2066
2070
2067
2071
2068
2072
2069
2073
2070
2074
2071
2075
2072
2076
2073
2077
2074
2078
2075
2079
2076
2080
2077
2081
2078
2082
2079
2083
2080
2084
2081
2085
2082
2086
2083
2087
2084
2088
2085
2089
2086
2090
2087
2091
2088
2092
2089
2093
2090
2094
2091
2095
2092
2096
2093
2097
2094
2098
2095
2099
2096
2100
2097
2101
2098
2102
2099
2103
2100
2104
2101
2105
2102
2106
2103
2107
2104
2108
2105
2109
2106
2110
2107
2111
2108
2112
2109
2113
2110
2114
2111
2115
2112
2116
2113
2117
2114
2118
2115
2119
2116
2120
2117
2121
2118
2122
2119
2123
2120
2124
2121
2125
2122
2126
2123
2127
2124
2128
2125
2129
2126
2130
2127
2131
2128
2132
2129
2133
2130
2134
2131
2135
2132
2136
2133
2137
2134
2138
2135
2139
2136
2140
2137
2141
2138
2142
2139
2143
2140
2144
2141
2145
2142
2146
2143
2147
2144
2148
2145
2149
2146
2150
2147
2151
2148
2152
2149
2153
2150
2154
2151
2155
2152
2156
2153
2157
2154
2158
2155
2159
2156
2160
2157
2161
2158
2162
2159
2163
2160
2164
2161
2165
2162
2166
2163
2167
2164
2168
2165
2169
2166
2170
2167
2171
2168
2172
2169
2173
2170
2174
2171
2175
2172
2176
2173
2177
2174
2178
2175
2179
2176
2180
2177
2181
2178
2182
2179
2183
2180
2184
2181
2185
2182
2186
2183
2187
2184
2188
2185
2189
2186
2190
2187
2191
2188
2192
2189
2193
2190
2194
2191
2195
2192
2196
2193
2197
2194
2198
2195
2199
2196
2200
2197
2201
2198
2202
2199
2203
2200
2204
2201
2205
2202
2206
2203
2207
2204
2208
2205
2209
2206
2210
2207
2211
2208
2212
2209
2213
2210
2214
2211
2215
2212
2216
2213
2217
2214
2218
2215
2219
2216
2220
2217
2221
2218
2222
2219
2223
2220
2224
2221
2225
2222
2226
2223
2227
2224
2228
2225
2229
2226
2230
2227
2231
2228
2232
2229
2233
2230
2234
2231
2235
2232
2236
2233
2237
2234
2238
2235
2239
2236
2240
2237
2241
2238
2242
2239
2243
2240
2244
2241
2245
2242
2246
2243
2247
2244
2248
2245
2249
2246
2250
2247
2251
2248
2252
2249
2253
2250
2254
2251
2255
2252
2256
2253
2257
2254
2258
2255
2259
2256
2260
2257
2261
2258
2262
2259
2263
2260
2264
2261
2265
2262
2266
2263
2267
2264
2268
2265
2269
2266
2270
2267
2271
2268
2272
2269
2273
2270
2274
2271
2275
2272
2276
2273
2277
2274
2278
2275
2279
2276
2280
2277
2281
2278
2282
2279
2283
2280
2284
2281
2285
2282
2283
2286
2284
2287
2285
2288
2286
2289
2287
2290
2288
2291
2289
2292
2290
2293
2291
2294
2292
2295
2293
2296
2294
2297
2295
2298
2296
2299
2297
2300
2298
2301
2299
2302
2300
2303
2301
2304
2302
2305
2303
2306
2304
2307
2305
2308
2306
2309
2307
2310
2308
2311
2309
2312
2310
2313
2311
2314
2312
2315
2313
2316
2314
2317
2315
2318
2316
2319
2317
2320
2318
2321
2319
2322
2320
2323
2321
2324
2322
2325
2323
2326
2324
2327
2325
2328
2326
2329
2327
2330
2328
2331
2329
2332
2330
2333
2331
2334
2332
2335
2333
2336
2334
2337
2335
2338
2336
2339
2337
2340
2338
2341
2339
2342
2340
2343
2341
2344
2342
2345
2343
2346
2344
2347
2345
2348
2349
2346
2350
2347
2351
2348
2352
2349
2353
2350
2354
2351
2355
2352
2356
2353
2357
2354
2358
2355
2359
2356
2360
2357
2361
2358
2362
2359
2363
2360
2364
2361
2365
2362
2366
2363
2367
2364
2368
2365
2369
2366
2370
2367
2371
2368
2372
2369
2373
2370
2374
2371
2375
2372
2376
2373
2377
2374
2378
2375
2379
2376
2380
2377
2381
2378
2382
2379
2383
2380
2384
2381
2385
2382
2386
2383
2387
2384
2388
2385
2389
2386
2390
2387
2391
2388
2392
2389
2393
2390
2394
2391
2395
2392
2396
2393
2397
2394
2398
2395
2399
2396
2400
2397
2401
2398
2402
2399
2403
2400
2404
2401
2405
2402
2406
2403
2407
2404
2408
2405
2409
2406
2410
2407
2411
2408
2412
2409
2413
2410
2414
2411
2415
2412
2416
2413
2417
2414
2418
2415
2419
2416
2420
2417
2421
2418
2422
2419
2423
2420
2424
2421
2425
2422
2426
2423
2427
2424
2428
2425
2429
2426
2430
2427
2431
2428
2432
2429
2433
2430
2434
2431
2435
2432
2436
2433
2437
2434
2438
2435
2439
2436
2440
2437
2441
2438
2442
2439
2443
2440
2444
2441
2445
2442
2446
2443
2447
2444
2448
2445
2449
2446
2450
2447
2451
2448
2452
2449
2453
2450
2454
2451
2455
2452
2456
2453
2457
2454
2458
2455
2459
2456
2460
2457
2461
2458
2462
2459
2463
2460
2464
2461
2465
2462
2466
2463
2467
2464
2468
2465
2469
2466
2470
2467
2471
2468
2472
2469
2473
2470
2474
2471
2475
2472
2476
2473
2477
2474
2478
2475
2479
2476
2480
2477
2481
2478
2482
2479
2483
2480
2484
2481
2485
2482
2486
2483
2487
2484
2488
2485
2489
2486
2490
2487
2491
2488
2492
2489
2493
2490
2494
2491
2495
2492
2496
2493
2497
2494
2498
2495
2499
2496
2500
2497
2501
2498
2502
2499
2503
2500
2504
2501
2505
2502
2506
2503
2507
2504
2508
2505
2509
2506
2510
2507
2511
2508
2512
2509
2513
2510
2514
2511
2515
2512
2516
2513
2517
2514
2518
2515
2519
2516
2520
2517
2521
2518
2522
2519
2523
2520
2524
2521
2525
2522
2526
2523
2527
2524
2528
2525
2529
2526
2530
2527
2531
2528
2532
2529
2533
2530
2534
2531
2535
2532
2536
2533
2537
2534
2538
2535
2539
2536
2540
2537
2541
2538
2542
2539
2543
2540
2544
2541
2545
2542
2546
2543
2547
2544
2548
2545
2549
2546
2550
2547
2551
2548
2552
2549
2553
2550
2554
2551
2555
2552
2556
2553
2557
2554
2558
2555
2559
2556
2560
2557
2561
2558
2562
2559
2563
2560
2564
2561
2565
2562
2566
2563
2567
2564
2568
2565
2569
2566
2570
2567
2571
2568
2572
2569
2573
2570
2574
2571
2575
2572
2576
2573
2577
2574
2578
2575
2579
2576
2580
2577
2581
2578
2582
2579
2583
2580
2584
2581
2585
2582
2586
2583
2587
2584
2588
2585
2589
2586
2590
2587
2591
2588
2592
2589
2593
2590
2594
2591
2595
2592
2596
2593
2597
2594
2598
2595
2599
2596
2600
2597
2601
2598
2602
2599
2603
2600
2604
2601
2605
2602
2606
2603
2607
2604
2608
2605
2609
2606
2610
2607
2611
2608
2612
2609
2613
2610
2614
2611
2615
2612
2616
2613
2617
2614
2618
2615
2619
2616
2620
2617
2621
2618
2622
2619
2623
2620
2624
2621
2625
2622
2626
2623
2627
2624
2628
2625
2629
2626
2630
2627
2631
2628
2632
2629
2633
2630
2634
2631
2635
2632
2636
2633
2637
2634
2638
2635
2639
2636
2640
2637
2641
2638
2642
2639
2643
2640
2644
2641
2645
2642
2646
2643
2647
2644
2648
2645
2649
2646
2650
2647
2651
2648
2652
2649
2653
2650
2654
2651
2655
2652
2656
2653
2657
2654
2658
2655
2659
2656
2660
2657
2661
2658
2662
2659
2663
2660
2664
2661
2665
2662
2666
2663
2667
2664
2668
2665
2669
2666
2670
2667
2671
2668
2672
2669
2673
2670
2674
2671
2675
2672
2676
2673
2677
2674
2678
2675
2679
2676
2680
2677
2681
2678
2682
2679
2683
2680
2684
2685
2686
2687
2688
2689
2690
2691
2692
2693
2694
2695
2696
2697
2698
2681
2699
2682
2700
2683
2701
2684
2702
2685
2703
2686
2704
2687
2705
2688
2706
2707
2708
2709
2710
2689
2711
2690
2712
2691
2713
2692
2714
2693
2715
2694
2716
2695
2717
2696
2718
2697
2719
2698
2720
2699
2721
2700
2722
2701
2723
2702
2724
2703
2725
2704
2726
2705
2727
2706
2728
2707
2729
2708
2730
2709
2731
2710
2732
2711
2733
2712
2734
2713
2735
2714
2736
2715
2737
2716
2738
2717
2739
2718
2740
2719
2741
2720
2742
2721
2743
2722
2744
2723
2745
2724
2746
2725
2747
2726
2748
2727
2749
2728
2750
2729
2751
2730
2752
2731
2753
2754
2732
2755
2733
2756
2734
2757
2735
2758
2736
2759
2737
2760
2738
2761
2739
2762
2740
2763
2741
2764
2742
2765
2743
2766
2744
2767
2745
2768
2746
2769
2747
2770
2748
2771
2749
2772
2750
2773
2751
2774
2752
2775
2753
2776
2754
2777
2755
2778
2756
2779
2757
2780
2758
2781
2759
2782
2760
2783
2761
2784
2762
2785
2763
2786
2764
2787
2765
2788
2766
2789
2767
2790
2768
2791
2769
2792
2770
2793
2771
2794
2772
2795
2773
2796
2774
2797
2775
2798
2776
2799
2777
2800
2778
2801
2779
2802
2780
2803
2781
2804
2782
2805
2783
2806
2784
2807
2785
2808
2786
2809
2787
2810
2788
2811
2789
2812
2790
2813
2791
2814
2792
2815
2793
2816
2794
2817
2795
2818
2796
2819
2797
2820
2798
2821
2799
2822
2800
2801
2823
2802
2824
2803
2825
2804
2826
2805
2827
2806
2828
2807
2829
2808
2830
2809
2831
2810
2832
2811
2833
2812
2834
2813
2835
2814
2836
2815
2837
2816
2838
2817
2839
2818
2840
2819
2841
2820
2842
2821
2843
2822
2844
2823
2845
2824
2846
2825
2847
2826
2848
2827
2849
2828
2850
2829
2851
2830
2852
2831
2853
2832
2854
2833
2855
2834
2856
2835
2857
2836
2858
2837
2859
2838
2860
2839
2861
2840
2862
2841
2863
2842
2864
2843
2865
2844
2866
2845
2867
2846
2868
2847
2869
2848
2870
2849
2871
2850
2872
2851
2873
2852
2874
2853
2875
2854
2876
2855
2877
2856
2878
2857
2879
2858
2880
2859
2881
2860
2882
2861
2883
2862
2884
2863
2885
2864
2886
2865
2887
2866
2888
2867
2889
2868
2890
2869
2891
2870
2892
2871
2893
2872
2894
2873
2895
2874
2896
2875
2897
2876
2898
2877
2899
2878
2900
2879
2901
2880
2902
2881
2903
2882
2904
2883
2905
2884
2906
2885
2907
2886
2908
2887
2909
2888
2910
2889
2911
2890
2912
2891
2913
2892
2914
2893
2915
2894
2916
2895
2917
2896
2918
2897
2919
2898
2920
2899
2921
2900
2922
2901
2923
2902
2924
2903
2925
2904
2926
2905
2927
2906
2928
2907
2929
2908
2930
2909
2931
2910
2932
2911
2933
2912
2934
2913
2935
2914
2936
2915
2937
2916
2938
2917
2939
2918
2940
2919
2941
2920
2942
2921
2943
2922
2944
2923
2945
2924
2946
2925
2947
2926
2948
2927
2949
2928
2950
2929
2951
2930
2952
2931
2953
2932
2954
2933
2955
2934
2956
2935
2957
2936
2958
2937
2959
2938
2960
2939
2961
2940
2962
2941
2963
2942
2964
2943
2965
2944
2966
2945
2967
2946
2968
2947
2969
2948
2970
2949
2971
2950
2972
2951
2973
2952
2974
2953
2954
2955
2975
2956
2976
2957
2977
2958
2978
2959
2979
2960
2980
2961
2981
2962
2982
2963
2983
2964
2984
2965
2985
2966
2986
2967
2987
2968
2988
2969
2989
2970
2990
2971
2991
2972
2992
2973
2993
2974
2994
2975
2995
2976
2996
2977
2997
2978
2998
2979
2999
2980
3000
2981
3001
2982
3002
2983
3003
2984
3004
2985
3005
2986
3006
2987
3007
2988
3008
2989
3009
2990
3010
2991
3011
2992
3012
2993
3013
2994
3014
2995
3015
2996
3016
2997
3017
2998
3018
2999
3019
3000
3020
3001
3021
3002
3022
3003
3023
3004
3024
3005
3025
3006
3026
3007
3027
3008
3028
3009
3029
3010
3030
3011
3031
3012
3032
3013
3033
3014
3034
3015
3035
3016
3036
3017
3037
3018
3038
3019
3039
3020
3040
3021
3041
3022
3042
3023
3043
3024
3044
3025
3045
3026
3046
3027
3047
3028
3048
3029
3049
3030
3050
3031
3051
3032
3052
3033
3053
3034
3054
3035
3055
3036
3056
3037
3057
3038
3058
3039
3059
3040
3060
3041
3061
3042
3062
3043
3063
3044
3064
3045
3065
3046
3066
3047
3067
3048
3068
3049
3069
3050
3070
3051
3071
3052
3072
3053
3073
3054
3074
3055
3075
3056
3076
3057
3077
3058
3078
3059
3079
3060
3080
3061
3081
3062
3082
3063
3083
3064
3084
3065
3085
3066
3086
3067
3087
3068
3088
3069
3089
3070
3090
3071
3091
3072
3092
3073
3093
3074
3094
3075
3095
3076
3096
3077
3097
3078
3098
3079
3099
3080
3100
3081
3101
3082
3102
3083
3103
3084
3104
3085
3105
3086
3106
3087
3107
3088
3108
3089
3109
3090
3110
3091
3111
3092
3112
3093
3113
3094
3114
3095
3115
3096
3116
3097
3117
3098
3118
3099
3119
3100
3120
3101
3121
3102
3122
3103
3123
3104
3124
3105
3125
3106
3126
3107
3127
3108
3128
3109
3129
3110
3130
3111
3131
3112
3132
3113
3133
3114
3134
3115
3135
3116
3136
3117
3137
3118
3138
3119
3139
3120
3140
3121
3141
3122
3142
3123
3143
3124
3144
3125
3145
3126
3146
3127
3147
3128
3148
3129
3149
3130
3150
3131
3151
3132
3152
3133
3153
3134
3154
3135
3155
3136
3156
3137
3157
3138
3158
3139
3159
3140
3160
3141
3161
3142
3162
3143
3163
3144
3164
3145
3165
3146
3166
3147
3167
3148
3168
3149
3169
3150
3170
3151
3171
3152
3172
3153
3173
3154
3174
3155
3175
3156
3176
3157
3177
3158
3178
3159
3179
3160
3180
3161
3181
3162
3182
3163
3183
3164
3184
3165
3185
3166
3186
3167
3187
3168
3188
3169
3189
3170
3190
3171
3191
3172
3192
3173
3193
3174
3194
3175
3195
3176
3196
3177
3197
3178
3198
3179
3199
3180
3200
3181
3201
3182
3202
3183
3203
3184
3204
3185
3205
3186
3206
3187
3207
3188
3208
3189
3209
3190
3210
3191
3211
3192
3212
3193
3213
3194
3214
3195
3215
3196
3216
3197
3217
3198
3218
3199
3219
3200
3220
3201
3221
3202
3222
3203
3223
3204
3224
3205
3225
3206
3226
3207
3227
3208
3228
3209
3229
3210
3230
3211
3231
3212
3232
3213
3233
3214
3234
3215
3235
3216
3236
3217
3237
3218
3238
3219
3239
3220
3240
3221
3241
3222
3242
3223
3243
3224
3244
3225
3245
3226
3246
3227
3247
3228
3248
3229
3249
3230
3250
3231
3251
3232
3252
3233
3253
3234
3254
3235
3255
3236
3256
3237
3257
3238
3258
3239
3259
3240
3260
3241
3261
3242
3262
3243
3263
3244
3264
3245
3265
3246
3266
3247
3267
3248
3268
3249
3269
3250
3270
3251
3271
3252
3272
3253
3273
3254
3274
3255
3275
3256
3276
3257
3277
3258
3278
3259
3279
3260
3280
3261
3281
3262
3282
3263
3283
3264
3284
3265
3285
3266
3286
3267
3287
3268
3288
3269
3289
3270
3290
3271
3291
3272
3292
3273
3293
3274
3294
3275
3295
3276
3296
3277
3297
3278
3298
3279
3299
3280
3300
3281
3301
3282
3302
3283
3303
3284
3304
3285
3305
3286
3306
3287
3307
3288
3308
3289
3309
3290
3310
3291
3311
3292
3312
3293
3313
3294
3314
3295
3315
3296
3316
3297
3317
3298
3318
3299
3319
3300
3320
3301
3321
3302
3322
3303
3323
3304
3324
3305
3325
3306
3326
3307
3327
3308
3328
3309
3329
3310
3330
3311
3331
3312
3332
3313
3333
3314
3334
3315
3335
3316
3336
3317
3337
3318
3338
3319
3339
3320
3340
3321
3341
3322
3342
3323
3343
3324
3344
3325
3345
3326
3346
3327
3347
3328
3348
3329
3349
3330
3350
3331
3351
3332
3352
3333
3353
3334
3354
3335
3355
3336
3356
3337
3357
3338
3358
3339
3359
3340
3360
3341
3361
3342
3362
3343
3363
3344
3364
3345
3365
3346
3366
3347
3367
3348
3368
3349
3369
3350
3370
3351
3371
3352
3372
3353
3373
3354
3374
3355
3375
3356
3376
3357
3377
3358
3378
3359
3379
3360
3380
3361
3381
3362
3382
3363
3383
3364
3384
3365
3385
3366
3386
3367
3387
3368
3388
3369
3389
3370
3390
3371
3391
3372
3392
3373
3393
3374
3394
3375
3395
3376
3396
3377
3397
3378
3398
3379
3399
3380
3400
3381
3401
3382
3402
3383
3403
3384
3404
3385
3405
3386
3406
3387
3407
3388
3408
3389
3409
3390
3410
3391
3411
3392
3412
3393
3413
3394
3414
3395
3415
3396
3416
3397
3417
3398
3418
3399
3419
3400
3420
3401
3421
3402
3422
3403
3423
3404
3424
3405
3425
3406
3426
3407
3427
3408
3428
3409
3429
3410
3430
3411
3431
3412
3432
3413
3433
3414
3434
3415
3435
3416
3436
3417
3437
3418
3438
3419
3439
3420
3440
3421
3441
3422
3442
3423
3443
3424
3444
3425
3445
3426
3446
3427
3447
3428
3448
3429
3449
3430
3450
3431
3451
3432
3452
3433
3453
3434
3454
3435
3455
3436
3456
3437
3457
3438
3458
3439
3459
3440
3460
3441
3461
3442
3462
3443
3463
3444
3464
3445
3465
3446
3466
3447
3467
3448
3468
3449
3469
3450
3470
3451
3471
3452
3472
3453
3473
3454
3474
3455
3475
3456
3476
3457
3477
3458
3478
3459
3479
3460
3480
3461
3481
3462
3482
3463
3483
3464
3484
3465
3485
3466
3486
3467
3487
3468
3488
3469
3489
3470
3490
3471
3491
3472
3492
3473
3493
3474
3494
3475
3495
3476
3496
3477
3497
3478
3498
3479
3499
3480
3500
3481
3501
3482
3502
3483
3503
3484
3504
3485
3505
3486
3506
3487
3507
3488
3508
3489
3509
3490
3510
3491
3511
3492
3512
3493
3513
3494
3514
3495
3515
3496
3516
3497
3517
3498
3518
3499
3519
3500
3520
3501
3521
3502
3522
3503
3523
3504
3524
3505
3525
3506
3526
3507
3527
3508
3528
3509
3529
3510
3530
3511
3531
3512
3532
3513
3533
3514
3534
3515
3535
3516
3536
3517
3537
3518
3538
3519
3539
3520
3540
3521
3541
3522
3542
3523
3543
3524
3544
3525
3545
3526
3546
3527
3547
3528
3548
3529
3549
3530
3550
3531
3551
3532
3552
3533
3553
3534
3554
3535
3555
3536
3556
3537
3557
3538
3558
3539
3559
3540
3560
3541
3561
3542
3562
3543
3563
3544
3564
3545
3565
3546
3566
3547
3567
3548
3568
3549
3569
3550
3570
3551
3571
3552
3572
3553
3573
3554
3574
3555
3575
3556
3576
3557
3577
3558
3578
3559
3579
3560
3580
3561
3581
3562
3582
3563
3583
3564
3584
3565
3585
3566
3586
3567
3587
3568
3588
3569
3589
3570
3590
3571
3591
3572
3592
3573
3593
3574
3594
3575
3595
3576
3596
3577
3597
3578
3598
3579
3599
3580
3600
3581
3601
3582
3602
3583
3603
3584
3604
3585
3605
3586
3606
3587
3607
3588
3608
3589
3609
3590
3610
3591
3611
3592
3612
3593
3613
3594
3614
3595
3615
3596
3616
3597
3617
3598
3618
3599
3619
3600
3620
3601
3621
3602
3622
3603
3623
3604
3624
3605
3625
3606
3626
3607
3627
3608
3628
3609
3629
3610
3630
3611
3631
3612
3632
3613
3633
3614
3634
3615
3635
3616
3636
3617
3637
3618
3638
3619
3639
3620
3640
3621
3641
3622
3642
3623
3643
3624
3644
3625
3645
3626
3646
3627
3647
3628
3648
3629
3649
3630
3650
3631
3651
3632
3652
3633
3653
3634
3654
3635
3655
3636
3656
3637
3657
3638
3658
3639
3659
3640
3660
3641
3661
3642
3662
3643
3663
3644
3664
3645
3665
3646
3666
3647
3667
3648
3668
3649
3669
3650
3670
3651
3671
3652
3672
3653
3673
3654
3674
3655
3675
3656
3676
3657
3677
3658
3678
3659
3679
3660
3680
3661
3681
3662
3682
3663
3683
3664
3684
3665
3685
3666
3686
3667
3687
3668
3688
3669
3689
3670
3690
3671
3691
3672
3692
3673
3693
3674
3694
3675
3695
3676
3696
3677
3697
3678
3698
3679
3699
3680
3700
3681
3701
3682
3702
3683
3703
3684
3704
3685
3705
3686
3706
3687
3707
3688
3708
3689
3709
3690
3710
3691
3711
3692
3712
3693
3713
3694
3714
3695
3715
3696
3716
3697
3717
3698
3718
3699
3719
3700
3720
3701
3721
3702
3722
3703
3723
3704
3724
3705
3725
3706
3726
3707
3727
3708
3728
3709
3729
3710
3730
3711
3731
3712
3732
3713
3733
3714
3734
3715
3735
3716
3736
3717
3737
3718
3738
3719
3739
3720
3740
3721
3741
3722
3742
3723
3743
3724
3744
3725
3745
3726
3746
3727
3747
3728
3748
3729
3749
3730
3750
3731
3751
3732
3752
3733
3753
3734
3754
3735
3755
3736
3756
3737
3757
3738
3758
3739
3759
3740
3760
3741
3761
3742
3762
3743
3763
3744
3764
3745
3765
3746
3766
3747
3767
3748
3768
3749
3769
3750
3770
3751
3771
3752
3772
3753
3773
3754
3774
3755
3775
3756
3776
3757
3777
3758
3778
3759
3779
3760
3780
3761
3781
3762
3782
3763
3783
3764
3784
3765
3785
3766
3786
3767
3787
3768
3788
3769
3789
3770
3790
3771
3791
3772
3792
3773
3793
3774
3794
3775
3795
3776
3796
3777
3797
3778
3798
3779
3799
3780
3800
3781
3801
3782
3802
3783
3803
3784
3804
3785
3805
3786
3806
3787
3807
3788
3808
3789
3809
3790
3810
3791
3811
3792
3812
3793
3813
3794
3814
3795
3815
3796
3816
3797
3817
3798
3818
3799
3819
3800
3820
3801
3821
3802
3822
3803
3823
3804
3824
3805
3825
3806
3826
3807
3827
3808
3828
3809
3829
3810
3830
3811
3831
3812
3832
3813
3833
3814
3834
3815
3835
3816
3836
3817
3837
3818
3838
3819
3839
3820
3840
3821
3841
3822
3842
3823
3843
3824
3844
3825
3845
3826
3846
3827
3847
3828
3848
3829
3849
3830
3850
3831
3851
3832
3852
3833
3853
3834
3854
3835
3855
3836
3856
3837
3857
3838
3858
3839
3859
3840
3860
3841
3861
3842
3862
3843
3863
3844
3864
3845
3865
3846
3866
3847
3867
3848
3868
3849
3869
3850
3870
3851
3871
3852
3872
3853
3873
3854
3874
3855
3875
3856
3876
3857
3877
3858
3878
3859
3879
3860
3880
3861
3881
3862
3882
3863
3883
3864
3884
3865
3885
3866
3886
3867
3887
3868
3888
3869
3889
3870
3890
3871
3891
3872
3892
3873
3893
3874
3894
3875
3895
3876
3896
3877
3897
3878
3898
3879
3899
3880
3900
3881
3901
3882
3902
3883
3903
3884
3904
3885
3905
3886
3906
3887
3907
3888
3908
3889
3909
3890
3910
3891
3911
3892
3912
3893
3913
3894
3914
3895
3915
3896
3916
3897
3917
3898
3918
3899
3919
3900
3920
3901
3921
3902
3922
3903
3923
3904
3924
3905
3925
3906
3926
3907
3927
3908
3928
3909
3929
3910
3930
3911
3931
3912
3932
3913
3933
3914
3934
3915
3935
3916
3936
3917
3937
3918
3938
3919
3939
3920
3940
3921
3941
3922
3942
3923
3943
3924
3944
3925
3945
3926
3946
3927
3947
3928
3948
3929
3949
3930
3950
3931
3951
3932
3952
3933
3953
3934
3954
3935
3955
3936
3956
3937
3957
3938
3958
3939
3959
3940
3960
3941
3961
3942
3962
3943
3963
3944
3964
3945
3965
3946
3966
3947
3967
3948
3968
3949
3969
3950
3970
3951
3971
3952
3972
3953
3973
3954
3974
3955
3975
3956
3976
3957
3977
3958
3978
3959
3979
3960
3980
3961
3981
3962
3982
3963
3983
3964
3984
3965
3985
3966
3986
3967
3987
3968
3988
3969
3989
3970
3990
3971
3991
3972
3992
3973
3993
3974
3994
3975
3995
3976
3996
3977
3997
3978
3998
3979
3999
3980
4000
3981
4001
3982
4002
3983
4003
3984
4004
3985
4005
3986
4006
3987
4007
3988
4008
3989
4009
3990
4010
3991
4011
3992
4012
3993
4013
3994
4014
3995
4015
3996
4016
3997
4017
3998
4018
3999
4019
4000
4020
4001
4021
4002
4022
4003
4023
4004
4024
4005
4025
4006
4026
4007
4027
4008
4028
4009
4029
4010
4030
4011
4031
4012
4032
4013
4033
4014
4034
4015
4035
4016
4036
4017
4037
4018
4038
4019
4039
4020
4040
4021
4041
4022
4042
4023
4043
4024
4044
4025
4045
4026
4046
4027
4047
4028
4048
4029
4049
4030
4050
4031
4051
4032
4052
4033
4053
4034
4054
4035
4055
4036
4056
4037
4057
4038
4058
4039
4059
4040
4060
4041
4061
4042
4062
4043
4063
4044
4064
4045
4065
4046
4066
4047
4067
4048
4068
4049
4069
4050
4070
4051
4071
4052
4072
4053
4073
4054
4074
4055
4075
4056
4076
4057
4077
4058
4078
4059
4079
4060
4080
4061
4081
4062
4082
4063
4083
4064
4084
4065
4085
4066
4086
4067
4087
4068
4088
4069
4089
4070
4090
4071
4091
4072
4092
4073
4093
4074
4094
4075
4095
4076
4096
4077
4097
4078
4098
4079
4099
4080
4100
4081
4101
4082
4102
4083
4103
4084
4104
4085
4105
4086
4106
4087
4107
4088
4108
4089
4109
4090
4110
4091
4111
4092
4112
4093
4113
4094
4114
4095
4115
4096
4116
4097
4117
4098
4118
4099
4119
4100
4120
4101
4121
4102
4122
4103
4123
4104
4124
4105
4125
4106
4126
4107
4127
4108
4128
4109
4129
4110
4130
4111
4131
4112
4132
4113
4133
4114
4134
4115
4135
4116
4136
4117
4137
4118
4119
4138
4120
4139
4121
4140
4122
4141
4123
4142
4124
4143
4125
4144
4126
4145
4127
4146
4128
4147
4129
4148
4130
4149
4131
4150
4132
4151
4133
4152
4134
4153
4135
4154
4136
4155
4137
4156
4138
4157
4139
4158
4140
4159
4141
4160
4142
4161
4143
4162
4144
4163
4145
4164
4146
4165
4147
4166
4148
4167
4149
4168
4150
4169
4151
4170
4152
4171
4153
4172
4154
4173
4155
4174
4156
4175
4157
4176
4158
4177
4159
4178
4160
4179
4161
4180
4162
4181
4163
4182
4164
4183
4165
4184
4166
4185
4167
4186
4168
4187
4169
4188
4170
4189
4171
4190
4172
4191
4173
4192
4174
4193
4175
4194
4176
4195
4177
4196
4178
4197
4179
4198
4180
4199
4181
4200
4182
4201
4183
4202
4184
4203
4185
4204
4186
4205
4187
4206
4188
4207
4189
4208
4190
4209
4191
4210
4192
4211
4193
4212
4194
4213
4195
4214
4196
4215
4197
4216
4198
4217
4199
4218
4200
4219
4201
4220
4202
4221
4203
4222
4204
4223
4205
4224
4206
4225
4207
4226
4208
4227
4209
4228
4210
4229
4211
4230
4212
4231
4213
4232
4214
4233
4215
4234
4216
4235
4217
4236
4218
4237
4219
4238
4220
4239
4221
4240
4222
4241
4223
4242
4224
4243
4225
4244
4226
4245
4227
4246
4228
4247
4229
4248
4230
4249
4231
4250
4232
4251
4233
4252
4234
4253
4235
4254
4236
4255
4237
4256
4238
4257
4239
4258
4240
4259
4241
4260
4242
4261
4243
4262
4244
4263
4245
4264
4246
4265
4247
4266
4248
4267
4249
4268
4250
4269
4251
4270
4252
4271
4253
4272
4254
4273
4255
4274
4256
4275
4257
4276
4258
4277
4259
4278
4260
4279
4261
4280
4262
4281
4263
4282
4264
4283
4265
4284
4266
4285
4267
4286
4268
4287
4269
4288
4270
4289
4271
4290
4272
4291
4273
4292
4274
4293
4275
4294
4276
4295
4277
4296
4278
4297
4279
4298
4280
4299
4281
4300
4282
4301
4283
4302
4284
4303
4285
4304
4286
4305
4287
4306
4288
4307
4289
4308
4290
4309
4291
4310
4292
4311
4293
4312
4294
4313
4295
4314
4296
4315
4297
4316
4298
4317
4299
4318
4300
4319
4301
4320
4302
4321
4303
4322
4304
4323
4305
4324
4306
4325
4307
4326
4308
4327
4309
4328
4310
4329
4311
4330
4312
4331
4313
4332
4314
4333
4315
4334
4316
4335
4317
4336
4318
4337
4319
4338
4320
4339
4321
4340
4322
4341
4323
4342
4324
4343
4325
4344
4326
4345
4327
4346
4328
4347
4329
4348
4330
4349
4331
4350
4332
4351
4333
4352
4334
4353
4335
4354
4336
4355
4337
4356
4338
4357
4339
4358
4340
4359
4341
4360
4342
4361
4343
4362
4344
4363
4345
4364
4346
4365
4347
4366
4348
4367
4349
4368
4350
4369
4351
4370
4352
4371
4353
4372
4354
4373
4355
4374
4356
4375
4357
4376
4358
4377
4359
4378
4360
4379
4361
4380
4362
4381
4363
4382
4364
4383
4365
4384
4366
4385
4367
4386
4368
4387
4369
4388
4370
4389
4371
4390
4372
4391
4373
4392
4374
4393
4375
4394
4376
4395
4377
4396
4378
4397
4379
4398
4380
4399
4381
4400
4382
4401
4383
4402
4384
4403
4385
4404
4386
4405
4387
4406
4388
4407
4389
4408
4390
4409
4391
4410
4392
4411
4393
4412
4394
4413
4395
4414
4396
4415
4397
4416
4398
4417
4399
4418
4400
4419
4401
4420
4402
4421
4403
4422
4404
4423
4405
4424
4406
4425
4407
4426
4408
4427
4409
4428
4410
4429
4411
4430
4412
4431
4413
4432
4414
4433
4415
4434
4416
4435
4417
4436
4418
4437
4419
4438
4420
4439
4421
4440
4422
4441
4423
4442
4424
4443
4425
4444
4426
4445
4427
4446
4428
4447
4429
4448
4430
4449
4431
4450
4432
4451
4433
4452
4434
4453
4435
4454
4436
4455
4437
4456
4438
4457
4439
4458
4440
4459
4441
4460
4442
4461
4443
4462
4444
4463
4445
4464
4446
4465
4447
4466
4448
4467
4449
4468
4450
4469
4451
4470
4452
4471
4453
4472
4454
4473
4455
4474
4456
4475
4457
4476
4458
4477
4459
4478
4460
4479
4461
4480
4462
4481
4463
4482
4464
4483
4465
4484
4466
4485
4467
4486
4468
4487
4469
4488
4470
4489
4471
4490
4472
4491
4473
4492
4474
4493
4475
4494
4476
4495
4477
4496
4478
4497
4479
4498
4480
4499
4481
4500
4482
4501
4483
4502
4484
4503
4485
4504
4486
4505
4487
4506
4488
4507
4489
4508
4490
4509
4491
4510
4492
4511
4493
4512
4494
4513
4495
4514
4496
4515
4497
4516
4498
4517
4499
4518
4500
4519
4501
4520
4502
4521
4503
4522
4504
4523
4505
4524
4506
4525
4507
4526
4508
4527
4509
4528
4510
4529
4511
4530
4512
4531
4513
4532
4514
4533
4515
4534
4516
4535
4517
4536
4518
4537
4519
4538
4520
4539
4521
4540
4522
4541
4523
4542
4524
4543
4525
4544
4526
4545
4527
4546
4528
4547
4529
4548
4530
4549
4531
4550
4532
4551
4533
4552
4534
4553
4535
4554
4536
4555
4537
4556
4538
4557
4539
4558
4540
4559
4541
4560
4542
4561
4543
4562
4544
4563
4545
4564
4546
4565
4547
4566
4548
4567
4549
4568
4550
4569
4551
4570
4552
4571
4553
4572
4554
4573
4555
4574
4556
4575
4557
4576
4558
4577
4559
4578
4560
4579
4561
4580
4562
4581
4563
4582
4564
4583
4565
4584
4566
4585
4567
4586
4568
4587
4569
4588
4570
4589
4571
4590
4572
4591
4573
4592
4574
4593
4575
4594
4576
4595
4577
4596
4578
4597
4579
4598
4580
4599
4581
4600
4582
4601
4583
4602
4584
4603
4585
4604
4586
4605
4587
4606
4588
4607
4589
4608
4590
4609
4591
4610
4592
4611
4593
4612
4594
4613
4595
4614
4596
4615
4597
4616
4598
4617
4599
4618
4600
4619
4601
4620
4602
4621
4603
4622
4604
4623
4605
4624
4606
4625
4607
4626
4608
4627
4609
4628
4610
4629
4611
4630
4612
4631
4613
4632
4614
4633
4615
4634
4616
4635
4617
4636
4618
4637
4619
4638
4620
4639
4621
4640
4622
4641
4623
4642
4624
4643
4625
4644
4626
4645
4627
4646
4628
4647
4629
4648
4630
4649
4631
4650
4632
4651
4633
4652
4634
4653
4635
4654
4636
4655
4637
4656
4638
4657
4639
4658
4640
4659
4641
4660
4642
4661
4643
4662
4644
4663
4645
4664
4646
4665
4647
4666
4648
4667
4649
4668
4650
4669
4651
4670
4652
4671
4653
4672
4654
4673
4655
4674
4656
4675
4657
4676
4658
4677
4659
4678
4660
4679
4661
4680
4662
4681
4663
4682
4664
4683
4665
4684
4666
4685
4667
4686
4668
4687
4669
4688
4670
4689
4671
4690
4672
4691
4673
4692
4674
4693
4675
4694
4676
4695
4677
4696
4678
4697
4679
4698
4680
4699
4681
4700
4682
4701
4683
4702
4684
4703
4685
4704
4686
4705
4687
4706
4688
4707
4689
4708
4690
4709
4691
4710
4692
4711
4693
4712
4694
4713
4695
4714
4696
4715
4697
4716
4698
4717
4699
4718
4700
4719
4701
4720
4702
4721
4703
4722
4704
4723
4705
4724
4706
4725
4707
4726
4708
4727
4709
4728
4710
4729
4711
4730
4712
4731
4713
4732
4714
4733
4715
4734
4716
4735
4717
4736
4718
4737
4719
4738
4720
4739
4721
4740
4722
4741
4723
4742
4724
4743
4725
4744
4726
4745
4727
4746
4728
4747
4729
4748
4730
4749
4731
4750
4732
4751
4733
4752
4734
4753
4735
4754
4736
4755
4737
4756
4738
4757
4739
4758
4740
4759
4741
4760
4742
4761
4743
4762
4744
4763
4745
4764
4746
4765
4747
4766
4748
4767
4749
4768
4750
4769
4751
4770
4752
4771
4753
4772
4754
4773
4755
4774
4756
4775
4757
4776
4758
4777
4759
4778
4760
4779
4761
4780
4762
4781
4763
4782
4764
4783
4765
4784
4766
4785
4767
4786
4768
4787
4769
4788
4770
4789
4771
4790
4772
4791
4773
4792
4774
4793
4775
4794
4776
4795
4777
4796
4778
4797
4779
4798
4780
4799
4781
4800
4782
4801
4783
4802
4784
4803
4785
4804
4786
4805
4787
4806
4788
4807
4789
4808
4790
4809
4791
4810
4792
4811
4793
4812
4794
4813
4795
4814
4796
4815
4797
4816
4798
4817
4799
4818
4800
4819
4801
4820
4802
4821
4803
4822
4804
4823
4805
4824
4806
4825
4807
4826
4808
4827
4809
4828
4810
4829
4811
4830
4812
4831
4813
4832
4814
4833
4815
4834
4816
4835
4817
4836
4818
4837
4819
4838
4820
4839
4821
4840
4822
4841
4823
4842
4824
4843
4825
4844
4826
4845
4827
4846
4828
4847
4829
4848
4830
4849
4831
4850
4832
4851
4833
4852
4834
4853
4835
4854
4836
4855
4837
4856
4838
4857
4839
4858
4840
4859
4841
4860
4842
4861
4843
4862
4844
4863
4845
4864
4846
4865
4847
4866
4848
4867
4849
4868
4850
4869
4851
4870
4852
4871
4853
4872
4854
4873
4855
4874
4856
4875
4857
4876
4858
4877
4859
4878
4860
4879
4861
4880
4862
4881
4863
4882
4864
4883
4865
4884
4866
4885
4867
4886
4868
4887
4869
4888
4870
4889
4871
4890
4872
4891
4873
4892
4874
4893
4875
4894
4876
4895
4877
4896
4878
4897
4879
4898
4880
4899
4881
4900
4882
4901
4883
4902
4884
4903
4885
4904
4886
4905
4887
4906
4888
4907
4889
4908
4890
4909
4891
4910
4892
4911
4893
4912
4894
4913
4895
4914
4896
4915
4897
4916
4898
4917
4899
4918
4900
4919
4901
4920
4902
4921
4903
4922
4904
4923
4905
4924
4906
4925
4907
4926
4908
4927
4909
4928
4910
4929
4911
4930
4912
4931
4913
4932
4914
4933
4915
4934
4916
4935
4917
4936
4918
4937
4919
4938
4920
4939
4921
4940
4922
4941
4923
4942
4924
4943
4925
4944
4926
4945
4927
4946
4928
4947
4929
4948
4930
4949
4931
4950
4932
4951
4933
4952
4934
4953
4935
4954
4936
4955
4937
4956
4938
4957
4939
4958
4940
4959
4941
4960
4942
4961
4943
4962
4944
4963
4945
4964
4946
4965
4947
4966
4948
4967
4949
4968
4950
4969
4951
4970
4952
4971
4953
4972
4954
4973
4955
4974
4956
4975
4957
4976
4958
4977
4959
4978
4960
4979
4961
4980
4962
4981
4963
4982
4964
4983
4965
4984
4966
4985
4967
4986
4968
4987
4969
4988
4970
4989
4971
4990
4972
4991
4973
4992
4974
4993
4975
4994
4976
4995
4977
4996
4978
4997
4979
4998
4980
4999
4981
5000
4982
5001
4983
5002
4984
5003
4985
5004
4986
5005
4987
5006
4988
5007
4989
5008
4990
5009
4991
5010
4992
5011
4993
5012
4994
5013
4995
5014
4996
5015
4997
5016
4998
5017
4999
5018
5000
5019
5001
5020
5002
5021
5003
5022
5004
5023
5005
5024
5006
5025
5007
5026
5008
5027
5009
5028
5010
5029
5011
5030
5012
5031
5013
5032
5014
5033
5015
5034
5016
5035
5017
5036
5018
5037
5019
5038
5020
5039
5021
5040
5022
5041
5023
5042
5024
5043
5025
5044
5026
5045
5027
5046
5028
5047
5029
5048
5030
5049
5031
5050
5032
5051
5033
5052
5034
5053
5035
5054
5036
5055
5037
5056
5038
5057
5039
5058
5040
5059
5041
5060
5042
5061
5043
5062
5044
5063
5045
5064
5046
5065
5047
5066
5048
5067
5049
5068
5050
5069
5051
5070
5052
5071
5053
5072
5054
5073
5055
5074
5056
5075
5057
5076
5058
5077
5059
5078
5060
5079
5061
5080
5062
5081
5063
5082
5064
5083
5065
5084
5066
5085
5067
5086
5068
5087
5069
5088
5070
5089
5071
5090
5072
5091
5073
5092
5074
5093
5075
5094
5076
5095
5077
5096
5078
5097
5079
5098
5080
5099
5081
5100
5082
5101
5083
5102
5084
5103
5085
5104
5086
5105
5087
5106
5088
5107
5089
5108
5090
5109
5091
5110
5092
5111
5093
5112
5094
5113
5095
5114
5096
5115
5097
5116
5098
5117
5099
5118
5100
5119
5101
5120
5102
5121
5103
5122
5104
5123
5105
5124
5106
5125
5107
5126
5108
5127
5109
5128
5110
5129
5111
5130
5112
5131
5113
5132
5114
5133
5115
5134
5116
5135
5117
5136
5118
5137
5119
5138
5120
5139
5121
5140
5122
5141
5123
5142
5124
5143
5125
5144
5126
5145
5127
5146
5128
5147
5129
5148
5130
5149
5131
5150
5132
5151
5133
5152
5134
5153
5135
5154
5136
5155
5137
5156
5138
5157
5139
5158
5140
5159
5141
5160
5142
5161
5143
5162
5144
5163
5145
5164
5146
5165
5147
5166
5148
5167
5149
5168
5150
5169
5151
5170
5152
5171
5153
5172
5154
5173
5155
5174
5156
5175
5157
5176
5158
5177
5159
5178
5160
5179
5161
5180
5162
5181
5163
5182
5164
5183
5165
5184
5166
5185
5167
5186
5168
5187
5169
5188
5170
5189
5171
5190
5172
5191
5173
5192
5174
5193
5175
5194
5176
5195
5177
5196
5178
5197
5179
5198
5180
5199
5181
5200
5182
5201
5183
5202
5184
5203
5185
5204
5186
5205
5187
5206
5188
5207
5189
5208
5190
5209
5191
5210
5192
5211
5193
5212
5194
5213
5195
5214
5196
5215
5197
5216
5198
5217
5199
5218
5200
5219
5201
5220
5202
5221
5203
5222
5204
5223
5205
5224
5206
5225
5207
5226
5208
5227
5209
5228
5210
5229
5211
5230
5212
5231
5213
5232
5214
5233
5215
5234
5216
5235
5217
5236
5218
5237
5219
5238
5220
5239
5221
5240
5222
5241
5223
5242
5224
5243
5225
5244
5226
5245
5227
5246
5228
5247
5229
5248
5230
5249
5231
5250
5232
5251
5233
5252
5234
5253
5235
5254
5236
5255
5237
5256
5238
5257
5239
5258
5240
5259
5241
5260
5242
5261
5243
5262
5244
5263
5245
5264
5246
5265
5247
5266
5248
5267
5249
5268
5250
5269
5251
5270
5252
5271
5253
5272
5254
5273
5255
5274
5256
5275
5257
5276
5258
5277
5259
5278
5260
5279
5261
5280
5262
5281
5263
5282
5264
5283
5265
5284
5266
5285
5267
5286
5268
5287
5269
5288
5270
5289
5271
5290
5272
5291
5273
5292
5274
5293
5275
5294
5276
5295
5277
5296
5278
5297
5279
5298
5280
5299
5281
5300
5282
5301
5283
5302
5284
5303
5285
5304
5286
5305
5287
5306
5288
5307
5289
5308
5290
5309
5291
5310
5292
5311
5293
5312
5294
5313
5295
5314
5296
5315
5297
5316
5298
5317
5299
5318
5300
5319
5301
5320
5302
5321
5303
5322
5304
5323
5305
5324
5306
5325
5307
5326
5308
5327
5309
5328
5310
5329
5311
5330
5312
5331
5313
5332
5314
5333
5315
5334
5316
5335
5317
5336
5318
5337
5319
5338
5320
5339
5321
5340
5322
5341
5323
5342
5324
5343
5325
5344
5326
5345
5327
5346
5328
5347
5329
5348
5330
5349
5331
5350
5332
5351
5333
5352
5334
5353
5335
5354
5336
5355
5337
5356
5338
5357
5339
5358
5340
5359
5341
5360
5342
5361
5343
5362
5344
5363
5345
5364
5346
5365
5347
5366
5348
5367
5349
5368
5350
5369
5351
5370
5352
5371
5353
5372
5354
5373
5355
5374
5356
5375
5357
5376
5358
5377
5359
5378
5360
5379
5361
5380
5362
5381
5363
5382
5364
5383
5365
5384
5366
5385
5367
5386
5368
5387
5369
5388
5370
5389
5371
5390
5372
5391
5373
5392
5374
5393
5375
5394
5376
5395
5377
5396
5378
5397
5379
5398
5380
5399
5381
5400
5382
5401
5383
5402
5384
5403
5385
5404
5386
5405
5387
5406
5388
5407
5389
5408
5390
5409
5391
5410
5392
5411
5393
5412
5394
5413
5395
5414
5396
5415
5397
5416
5398
5417
5399
5418
5400
5419
5401
5420
5402
5421
5403
5422
5404
5423
5405
5424
5406
5425
5407
5426
5408
5427
5409
5428
5410
5429
5411
5430
5412
5431
5413
5432
5414
5433
5415
5434
5416
5435
5417
5436
5418
5437
5419
5438
5420
5439
5421
5440
5422
5441
5423
5442
5424
5443
5425
5444
5426
5445
5427
5446
5428
5447
5429
5448
5430
5449
5431
5450
5432
5451
5433
5452
5434
5453
5435
5454
5436
5455
5437
5456
5438
5457
5439
5458
5440
5459
5441
5460
5442
5461
5443
5462
5444
5463
5445
5464
5446
5465
5447
5466
5448
5467
5449
5468
5450
5469
5451
5470
5452
5471
5453
5472
5454
5473
5455
5474
5456
5475
5457
5476
5458
5477
5459
5478
5460
5479
5461
5480
5462
5481
5463
5482
5464
5483
5465
5484
5466
5485
5467
5486
5468
5487
5469
5488
5470
5489
5471
5490
5472
5491
5473
5492
5474
5493
5475
5494
5476
5495
5477
5496
5478
5497
5479
5498
5480
5499
5481
5500
5482
5501
5483
5502
5484
5503
5485
5504
5486
5505
5487
5506
5488
5507
5489
5508
5490
5509
5491
5510
5492
5511
5493
5512
5494
5513
5495
5514
5496
5515
5497
5516
5498
5517
5499
5518
5500
5519
5501
5520
5502
5521
5503
5522
5504
5523
5505
5524
5506
5507
5525
5508
5526
5509
5527
5510
5528
5511
5529
5512
5530
5513
5531
5514
5532
5515
5533
5516
5534
5517
5535
5518
5536
5519
5537
5520
5538
5521
5539
5522
5540
5523
5541
5524
5542
5525
5543
5526
5544
5527
5545
5528
5546
5529
5547
5530
5548
5531
5549
5532
5550
5533
5551
5534
5552
5535
5553
5536
5554
5537
5555
5538
5556
5539
5557
5540
5558
5541
5559
5542
5560
5543
5561
5544
5562
5545
5563
5546
5564
5547
5565
5548
5566
5549
5567
5550
5568
5551
5569
5552
5570
5553
5571
5554
5572
5555
5573
5556
5574
5557
5575
5558
5576
5559
5577
5560
5578
5561
5579
5562
5580
5563
5581
5564
5582
5565
5583
5566
5584
5567
5585
5568
5586
5569
5587
5570
5588
5571
5589
5572
5590
5573
5591
5574
5592
5575
5593
5576
5594
5577
5595
5578
5596
5579
5597
5580
5598
5581
5599
5582
5600
5583
5601
5584
5602
5585
5603
5586
5604
5587
5605
5588
5606
5589
5607
5590
5608
5591
5609
5592
5610
5593
5611
5594
5612
5595
5613
5596
5614
5597
5615
5598
5616
5599
5617
5600
5618
5601
5619
5602
5620
5603
5621
5604
5622
5605
5623
5606
5624
5607
5625
5608
5626
5609
5627
5610
5628
5611
5629
5612
5630
5613
5631
5614
5632
5615
5633
5616
5634
5617
5635
5618
5636
5619
5637
5620
5638
5621
5639
5622
5640
5623
5641
5624
5642
5625
5643
5626
5644
5627
5645
5628
5646
5629
5647
5630
5648
5631
5649
5632
5650
5633
5651
5634
5652
5635
5653
5636
5654
5637
5655
5638
5656
5639
5657
5640
5658
5641
5659
5642
5660
5643
5661
5644
5662
5645
5663
5646
5664
5647
5665
5648
5666
5649
5667
5650
5668
5651
5669
5652
5670
5653
5671
5654
5672
5655
5673
5656
5674
5657
5675
5658
5676
5659
5677
5660
5678
5661
5679
5662
5680
5663
5681
5664
5682
5665
5683
5666
5684
5667
5685
5668
5686
5669
5687
5670
5688
5671
5689
5672
5690
5673
5691
5674
5692
5675
5693
5676
5694
5677
5695
5678
5696
5697
5679
5698
5680
5699
5681
5700
5682
5701
5683
5702
5684
5703
5685
5704
5686
5705
5687
5706
5688
5707
5689
5708
5690
5709
5691
5710
5692
5711
5693
5712
5694
5713
5695
5714
5696
5715
5697
5716
5698
5717
5699
5718
5700
5719
5701
5720
5702
5721
5703
5722
5704
5723
5705
5724
5706
5725
5707
5726
5708
5727
5709
5728
5710
5729
5711
5730
5712
5731
5713
5732
5714
5733
5715
5734
5716
5735
5717
5736
5718
5737
5719
5738
5720
5739
5721
5740
5722
5741
5723
5742
5724
5743
5725
5726
5744
5727
5745
5728
5746
5729
5747
5730
5748
5731
5749
5732
5750
5733
5751
5734
5752
5735
5753
5736
5754
5737
5755
5738
5756
5739
5757
5740
5758
5741
5759
5742
5760
5743
5761
5744
5762
5745
5763
5746
5764
5747
5765
5748
5766
5749
5767
5750
5768
5751
5769
5752
5770
5753
5771
5754
5772
5755
5773
5756
5774
5757
5775
5758
5776
5759
5777
5760
5778
5761
5779
5762
5780
5763
5781
5764
5782
5765
5783
5766
5784
5767
5785
5768
5786
5769
5787
5770
5788
5771
5789
5772
5790
5773
5791
5774
5792
5775
5793
5776
5794
5777
5795
5778
5796
5779
5797
5780
5798
5781
5799
5782
5800
5783
5801
5784
5802
5785
5803
5786
5804
5787
5805
5788
5806
5789
5807
5790
5808
5791
5809
5792
5810
5793
5811
5794
5812
5795
5813
5796
5814
5797
5815
5798
5816
5799
5817
5800
5818
5801
5819
5802
5820
5803
5821
5804
5822
5805
5823
5806
5824
5807
5825
5808
5826
5809
5827
5810
5828
5811
5829
5812
5830
5813
5831
5814
5832
5815
5833
5816
5834
5817
5835
5818
5836
5819
5837
5820
5838
5821
5839
5822
5840
5823
5841
5824
5842
5825
5843
5826
5844
5827
5845
5828
5846
5829
5847
5830
5848
5831
5849
5832
5850
5833
5851
5834
5852
5835
5853
5836
5854
5837
5855
5838
5856
5839
5857
5840
5858
5841
5859
5842
5860
5843
5861
5844
5862
5845
5863
5846
5864
5847
5865
5848
5866
5849
5867
5850
5868
5851
5869
5852
5870
5853
5871
5854
5872
5855
5873
5856
5874
5857
5875
5858
5876
5859
5877
5860
5878
5861
5879
5862
5880
5863
5881
5864
5882
5865
5883
5866
5884
5867
5885
5868
5886
5869
5887
5870
5888
5871
5889
5872
5890
5873
5891
5874
5892
5875
5893
5876
5894
5877
5895
5878
5896
5879
5897
5880
5898
5881
5899
5882
5900
5883
5901
5884
5902
5885
5903
5886
5904
5887
5905
5888
5906
5889
5907
5890
5908
5891
5909
5892
5910
5893
5911
5894
5912
5895
5913
5896
5914
5897
5915
5898
5916
5899
5917
5900
5918
5901
5919
5902
5920
5903
5921
5904
5922
5905
5923
5906
5924
5907
5925
5908
5926
5909
5927
5910
5928
5911
5929
5912
5930
5913
5931
5914
5932
5915
5933
5916
5934
5917
5935
5918
5936
5919
5937
5920
5938
5921
5939
5922
5940
5923
5941
5924
5942
5925
5943
5926
5944
5927
5945
5928
5946
5929
5947
5930
5948
5931
5949
5932
5950
5933
5951
5934
5952
5935
5953
5936
5954
5937
5955
5938
5956
5939
5957
5940
5958
5941
5959
5942
5960
5943
5961
5944
5962
5945
5963
5946
5964
5947
5965
5948
5966
5949
5967
5950
5968
5951
5969
5952
5970
5953
5971
5954
5972
5955
5973
5956
5974
5957
5975
5958
5976
5959
5977
5960
5978
5961
5979
5962
5980
5963
5981
5964
5982
5965
5983
5966
5984
5967
5985
5968
5986
5969
5987
5970
5988
5971
5989
5972
5990
5973
5991
5974
5992
5975
5993
5976
5994
5977
5995
5978
5996
5979
5997
5980
5998
5981
5999
5982
6000
5983
6001
5984
6002
5985
6003
5986
6004
5987
6005
5988
6006
5989
6007
5990
6008
5991
6009
5992
6010
5993
6011
5994
6012
5995
6013
5996
6014
5997
6015
5998
6016
5999
6017
6000
6018
6001
6019
6002
6020
6003
6021
6004
6022
6005
6023
6006
6024
6007
6025
6008
6026
6009
6027
6010
6028
6011
6029
6012
6030
6013
6031
6014
6032
6015
6033
6016
6034
6017
6035
6018
6036
6019
6037
6020
6038
6021
6039
6022
6040
6023
6041
6024
6042
6025
6043
6026
6044
6027
6045
6028
6046
6029
6047
6030
6048
6031
6049
6032
6050
6033
6051
6034
6052
6035
6053
6036
6054
6037
6055
6038
6056
6039
6057
6040
6058
6041
6059
6042
6060
6043
6061
6044
6062
6045
6063
6046
6064
6047
6065
6048
6066
6049
6067
6050
6068
6051
6069
6052
6070
6053
6071
6054
6072
6055
6073
6056
6074
6057
6075
6058
6076
6059
6077
6060
6078
6061
6079
6062
6080
6063
6081
6064
6082
6065
6083
6066
6084
6067
6085
6068
6086
6069
6087
6070
6088
6071
6089
6072
6090
6073
6091
6074
6092
6075
6093
6076
6094
6077
6095
6078
6096
6079
6097
6080
6098
6081
6099
6082
6100
6083
6101
6084
6102
6085
6103
6086
6104
6087
6105
6088
6106
6089
6107
6090
6108
6091
6109
6092
6110
6093
6111
6094
6112
6095
6113
6096
6114
6097
6115
6098
6116
6099
6117
6100
6118
6101
6119
6102
6120
6103
6121
6104
6122
6105
6123
6106
6124
6107
6125
6108
6126
6109
6127
6110
6128
6111
6129
6112
6130
6113
6131
6114
6132
6115
6133
6116
6134
6117
6135
6118
6136
6119
6137
6120
6138
6121
6139
6122
6140
6123
6141
6124
6142
6125
6143
6126
6144
6127
6145
6128
6146
6129
6147
6130
6148
6131
6149
6132
6150
6133
6151
6134
6152
6135
6153
6136
6154
6137
6155
6138
6156
6139
6157
6140
6158
6141
6159
6142
6160
6143
6161
6144
6162
6145
6163
6146
6164
6147
6165
6148
6166
6149
6167
6150
6168
6151
6169
6152
6170
6153
6171
6154
6172
6155
6173
6156
6174
6157
6175
6158
6176
6159
6177
6160
6178
6161
6179
6162
6180
6163
6181
6164
6182
6165
6183
6166
6184
6167
6185
6168
6186
6169
6187
6170
6188
6171
6189
6172
6190
6173
6191
6174
6192
6175
6193
6176
6194
6177
6195
6178
6196
6179
6197
6180
6198
6181
6199
6182
6200
6183
6201
6184
6202
6185
6203
6186
6204
6187
6205
6188
6206
6189
6207
6190
6208
6191
6209
6192
6210
6193
6211
6194
6212
6195
6213
6196
6214
6197
6215
6198
6216
6199
6217
6200
6218
6201
6219
6202
6220
6203
6221
6204
6222
6205
6223
6206
6224
6207
6225
6208
6226
6209
6227
6210
6228
6211
6229
6212
6230
6213
6231
6214
6232
6215
6233
6216
6234
6217
6235
6218
6236
6219
6237
6220
6238
6221
6239
6222
6240
6223
6241
6224
6242
6225
6243
6226
6244
6227
6245
6228
6246
6229
6247
6230
6248
6231
6249
6232
6250
6233
6251
6234
6252
6235
6253
6236
6254
6237
6255
6238
6256
6239
6257
6240
6258
6241
6259
6242
6260
6243
6261
6244
6262
6245
6263
6246
6264
6247
6265
6248
6266
6249
6267
6250
6268
6251
6269
6252
6270
6253
6271
6254
6272
6255
6273
6256
6274
6257
6275
6258
6276
6259
6277
6260
6278
6261
6279
6262
6280
6263
6281
6264
6282
6265
6283
6266
6284
6267
6285
6268
6286
6269
6287
6270
6288
6271
6289
6272
6290
6273
6291
6274
6292
6275
6293
6276
6294
6277
6295
6278
6296
6279
6297
6280
6298
6281
6299
6282
6300
6283
6301
6284
6302
6285
6303
6286
6304
6287
6305
6288
6306
6289
6307
6290
6308
6291
6309
6292
6310
6293
6311
6294
6312
6295
6313
6296
6314
6297
6315
6298
6316
6299
6317
6300
6318
6301
6319
6302
6320
6303
6321
6304
6322
6305
6323
6306
6324
6307
6325
6308
6326
6309
6327
6310
6328
6311
6329
6312
6330
6313
6331
6314
6332
6315
6333
6316
6334
6317
6335
6318
6336
6319
6337
6320
6338
6321
6339
6322
6340
6323
6341
6324
6342
6325
6343
6326
6344
6327
6345
6328
6346
6329
6347
6330
6348
6331
6349
6332
6350
6333
6351
6334
6352
6335
6353
6336
6354
6337
6355
6338
6356
6339
6357
6340
6358
6341
6359
6342
6360
6343
6361
6344
6362
6345
6363
6346
6364
6347
6365
6348
6366
6349
6367
6350
6368
6351
6369
6352
6370
6353
6371
6354
6372
6355
6373
6356
6374
6357
6375
6358
6376
6359
6377
6360
6378
6361
6379
6362
6380
6363
6381
6364
6382
6365
6383
6366
6384
6367
6385
6368
6386
6369
6387
6370
6388
6371
6389
6372
6390
6373
6391
6374
6392
6375
6393
6376
6394
6377
6395
6378
6396
6379
6397
6380
6398
6381
6399
6382
6400
6383
6401
6384
6402
6385
6403
6386
6404
6387
6405
6388
6406
6389
6407
6390
6408
6391
6409
6392
6410
6393
6411
6394
6412
6395
6413
6396
6414
6397
6415
6398
6416
6399
6417
6400
6418
6401
6419
6402
6420
6403
6421
6404
6422
6405
6423
6406
6424
6407
6425
6426
6427
6428
6408
6429
6409
6430
6410
6431
6411
6432
6412
6433
6413
6434
6414
6435
6415
6436
6416
6437
6417
6438
6418
6439
6419
6440
6420
6441
6421
6442
6422
6443
6423
6444
6424
6445
6425
6446
6426
6447
6427
6448
6428
6449
6429
6450
6430
6451
6431
6452
6432
6453
6433
6454
6434
6455
6435
6456
6436
6457
6437
6458
6438
6459
6439
6460
6440
6461
6441
6462
6442
6463
6443
6464
6444
6465
6445
6466
6446
6467
6447
6468
6448
6469
6449
6470
6450
6471
6451
6472
6452
6473
6453
6474
6454
6475
6455
6476
6456
6477
6457
6478
6458
6479
6459
6480
6460
6481
6461
6482
6462
6483
6463
6484
6464
6485
6465
6486
6466
6487
6467
6488
6468
6489
6469
6490
6470
6491
6471
6492
6472
6493
6473
6494
6474
6495
6475
6496
6476
6497
6477
6498
6478
6499
6479
6500
6480
6501
6481
6502
6482
6503
6483
6504
6484
6505
6485
6506
6486
6507
6487
6508
6488
6509
6489
6510
6490
6511
6491
6512
6492
6513
6493
6514
6494
6515
6495
6516
6496
6517
6497
6518
6498
6519
6499
6520
6500
6521
6501
6522
6502
6523
6503
6524
6504
6525
6505
6526
6506
6527
6507
6528
6508
6529
6509
6530
6510
6531
6511
6532
6512
6533
6513
6534
6514
6535
6515
6536
6516
6537
6517
6538
6518
6539
6519
6540
6520
6541
6521
6542
6522
6543
6523
6544
6524
6545
6525
6546
6526
6547
6527
6548
6528
6549
6529
6550
6530
6551
6531
6532
6552
6533
6553
6534
6554
6535
6555
6536
6556
6537
6557
6538
6558
6539
6559
6540
6560
6541
6561
6542
6562
6543
6563
6544
6564
6545
6565
6546
6566
6547
6567
6548
6568
6549
6569
6550
6570
6551
6571
6552
6572
6553
6573
6554
6574
6555
6575
6556
6576
6557
6577
6558
6578
6559
6579
6560
6580
6561
6581
6562
6582
6563
6583
6564
6584
6565
6585
6566
6586
6567
6587
6568
6588
6569
6589
6570
6590
6571
6591
6572
6592
6573
6593
6574
6594
6575
6595
6576
6596
6577
6597
6578
6598
6579
6599
6580
6600
6581
6601
6582
6602
6583
6603
6584
6604
6585
6605
6586
6606
6587
6607
6588
6608
6589
6609
6590
6610
6591
6611
6592
6612
6593
6613
6594
6614
6595
6615
6596
6616
6597
6617
6598
6618
6599
6619
6600
6620
6601
6621
6602
6622
6603
6623
6604
6624
6605
6625
6606
6626
6607
6627
6608
6628
6609
6629
6610
6630
6611
6631
6612
6632
6613
6633
6614
6634
6615
6635
6616
6636
6617
6637
6618
6638
6619
6639
6620
6640
6621
6641
6622
6642
6623
6643
6624
6644
6625
6645
6626
6646
6627
6647
6628
6648
6629
6649
6630
6650
6631
6651
6632
6652
6633
6653
6634
6654
6635
6655
6636
6656
6637
6657
6638
6658
6639
6659
6640
6660
6641
6661
6642
6662
6643
6663
6644
6664
6645
6665
6646
6666
6647
6667
6648
6668
6649
6669
6650
6670
6651
6671
6652
6672
6653
6673
6654
6674
6655
6675
6656
6676
6657
6677
6658
6678
6659
6679
6660
6680
6661
6681
6662
6682
6663
6683
6664
6684
6665
6685
6666
6686
6667
6687
6668
6688
6669
6689
6670
6690
6671
6691
6672
6692
6673
6693
6674
6694
6675
6695
6676
6696
6677
6697
6678
6698
6679
6699
6680
6700
6681
6701
6682
6702
6683
6703
6684
6704
6685
6705
6686
6706
6687
6707
6688
6708
6689
6709
6690
6710
6691
6711
6692
6712
6693
6713
6694
6714
6695
6715
6696
6716
6697
6717
6698
6718
6699
6719
6700
6720
6701
6721
6702
6722
6703
6723
6704
6724
6705
6725
6706
6726
6707
6727
6708
6728
6709
6729
6710
6730
6711
6731
6712
6732
6713
6733
6714
6734
6715
6735
6716
6736
6717
6737
6718
6738
6719
6739
6720
6740
6721
6741
6722
6742
6723
6743
6724
6744
6725
6745
6726
6746
6727
6747
6728
6748
6729
6749
6730
6750
6731
6751
6732
6752
6733
6753
6734
6754
6735
6755
6736
6756
6737
6757
6738
6758
6739
6759
6740
6760
6741
6761
6742
6762
6743
6763
6744
6764
6745
6765
6746
6766
6747
6767
6748
6768
6749
6769
6750
6770
6751
6771
6752
6772
6753
6773
6754
6774
6755
6775
6756
6757
6758
6759
6776
6760
6777
6761
6778
6762
6779
6763
6780
6764
6781
6765
6782
6766
6783
6767
6784
6768
6785
6769
6786
6770
6771
6772
6787
6773
6788
6774
6789
6775
6790
6776
6791
6777
6792
6778
6793
6779
6780
6794
6781
6795
6782
6796
6783
6797
6784
6798
6785
6799
6786
6800
6787
6801
6788
6802
6789
6803
6790
6804
6791
6805
6792
6806
6793
6807
6794
6808
6795
6809
6796
6810
6797
6811
6798
6812
6799
6813
6800
6814
6801
6815
6802
6816
6803
6817
6804
6818
6805
6819
6806
6820
6807
6821
6808
6822
6809
6823
6810
6824
6811
6825
6812
6826
6813
6827
6814
6828
6815
6829
6816
6830
6817
6831
6818
6832
6819
6833
6820
6834
6821
6835
6822
6836
6823
6837
6824
6838
6825
6839
6826
6840
6827
6841
6828
6842
6829
6843
6830
6844
6831
6845
6832
6846
6833
6847
6834
6848
6835
6849
6836
6850
6837
6851
6838
6852
6839
6853
6840
6854
6841
6855
6842
6856
6843
6857
6844
6858
6845
6859
6846
6860
6847
6861
6848
6862
6849
6863
6850
6864
6851
6865
6852
6866
6853
6867
6854
6868
6855
6869
6856
6870
6857
6871
6858
6872
6859
6873
6860
6874
6861
6875
6862
6876
6863
6877
6864
6878
6865
6879
6866
6880
6867
6881
6868
6882
6869
6883
6870
6884
6871
6885
6872
6886
6873
6887
6874
6888
6875
6889
6876
6890
6877
6891
6878
6892
6879
6893
6880
6894
6881
6895
6882
6896
6883
6897
6884
6898
6885
6899
6886
6900
6887
6901
6888
6902
6889
6903
6890
6904
6891
6905
6892
6906
6893
6907
6894
6908
6895
6909
6896
6910
6897
6911
6898
6912
6899
6913
6900
6914
6901
6915
6902
6916
6903
6917
6904
6918
6905
6919
6906
6920
6907
6921
6908
6922
6909
6923
6910
6924
6911
6925
6912
6926
6913
6927
6914
6928
6915
6929
6916
6930
6917
6931
6918
6932
6919
6933
6920
6934
6921
6935
6922
6936
6923
6937
6924
6938
6925
6939
6926
6940
6927
6941
6928
6942
6929
6943
6930
6944
6931
6945
6932
6946
6933
6947
6934
6948
6935
6949
6936
6950
6937
6951
6938
6952
6939
6953
6940
6954
6941
6955
6942
6956
6943
6957
6944
6958
6945
6959
6946
6960
6947
6961
6948
6962
6949
6963
6950
6964
6951
6965
6952
6966
6953
6967
6954
6968
6955
6969
6956
6970
6957
6971
6958
6972
6959
6973
6960
6974
6961
6975
6962
6976
6963
6977
6964
6978
6965
6979
6966
6980
6967
6981
6968
6982
6969
6983
6970
6984
6971
6985
6972
6986
6973
6987
6974
6988
6975
6989
6976
6990
6977
6991
6978
6992
6979
6993
6980
6994
6981
6995
6982
6996
6983
6997
6984
6998
6985
6999
6986
7000
6987
7001
6988
7002
6989
7003
6990
7004
6991
7005
6992
7006
6993
7007
6994
7008
6995
7009
6996
7010
6997
7011
6998
7012
6999
7013
7000
7014
7001
7015
7002
7016
7003
7017
7004
7018
7005
7019
7006
7020
7007
7021
7008
7022
7009
7023
7010
7024
7011
7025
7012
7026
7013
7027
7014
7028
7015
7029
7016
7030
7017
7031
7018
7032
7019
7033
7020
7034
7021
7035
7022
7036
7023
7037
7024
7038
7025
7039
7026
7040
7027
7041
7028
7042
7029
7043
7030
7044
7031
7045
7032
7046
7033
7047
7034
7048
7035
7049
7036
7050
7037
7051
7038
7052
7039
7053
7040
7054
7041
7055
7042
7056
7043
7057
7044
7058
7045
7059
7046
7060
7047
7061
7048
7062
7049
7063
7050
7064
7051
7065
7052
7066
7053
7067
7054
7068
7055
7069
7056
7070
7057
7071
7058
7072
7059
7073
7060
7074
7061
7075
7062
7076
7063
7077
7064
7078
7065
7079
7066
7080
7067
7081
7068
7082
7069
7083
7070
7084
7071
7085
7072
7086
7073
7087
7074
7088
7075
7089
7076
7090
7077
7091
7078
7092
7079
7093
7080
7094
7081
7095
7082
7096
7083
7097
7084
7098
7085
7099
7086
7100
7087
7101
7088
7102
7089
7103
7090
7104
7091
7105
7092
7106
7093
7107
7094
7108
7095
7109
7096
7110
7097
7111
7098
7112
7099
7113
7100
7114
7101
7115
7102
7116
7103
7117
7104
7118
7105
7119
7106
7120
7107
7121
7108
7122
7109
7123
7110
7124
7111
7125
7112
7126
7113
7127
7114
7128
7115
7129
7116
7130
7117
7131
7118
7132
7119
7133
7120
7134
7121
7135
7122
7123
7136
7124
7137
7125
7138
7126
7139
7127
7140
7128
7141
7129
7142
7130
7143
7131
7144
7132
7145
7133
7146
7134
7147
7135
7148
7136
7149
7137
7150
7138
7151
7139
7152
7140
7153
7141
7154
7142
7155
7143
7156
7144
7157
7145
7158
7146
7159
7147
7160
7148
7161
7149
7162
7150
7163
7151
7164
7152
7165
7153
7166
7154
7167
7155
7168
7156
7169
7157
7170
7158
7171
7159
7172
7160
7173
7161
7174
7162
7175
7163
7176
7164
7177
7165
7178
7166
7179
7167
7180
7168
7181
7169
7182
7170
7183
7171
7184
7172
7185
7173
7186
7174
7187
7175
7188
7176
7189
7177
7190
7178
7191
7179
7192
7180
7193
7181
7194
7182
7195
7183
7196
7184
7197
7185
7198
7186
7199
7187
7200
7188
7201
7189
7202
7190
7203
7191
7204
7192
7205
7193
7206
7194
7207
7195
7208
7196
7209
7197
7210
7198
7211
7199
7212
7200
7213
7201
7214
7202
7215
7203
7216
7204
7217
7205
7218
7206
7219
7207
7220
7208
7221
7209
7222
7210
7223
7211
7224
7212
7225
7213
7226
7214
7227
7215
7228
7216
7229
7217
7230
7218
7231
7219
7232
7220
7233
7221
7234
7222
7235
7223
7236
7224
7237
7225
7238
7226
7239
7227
7240
7228
7241
7229
7242
7230
7243
7231
7244
7232
7245
7233
7246
7234
7247
7235
7248
7236
7249
7237
7250
7238
7251
7239
7252
7240
7253
7241
7254
7242
7255
7243
7256
7244
7257
7245
7258
7246
7259
7247
7260
7248
7261
7249
7262
7250
7263
7251
7264
7252
7265
7253
7266
7254
7267
7255
7268
7256
7269
7257
7270
7258
7271
7259
7272
7260
7273
7261
7274
7262
7275
7263
7276
7264
7277
7265
7278
7266
7279
7267
7280
7268
7281
7269
7282
7270
7283
7271
7284
7272
7285
7273
7286
7274
7287
7275
7288
7276
7289
7277
7290
7278
7291
7279
7292
7280
7293
7281
7294
7282
7295
7283
7296
7284
7297
7285
7298
7286
7299
7287
7300
7288
7301
7289
7302
7290
7303
7291
7304
7292
7305
7293
7306
7294
7307
7295
7308
7296
7309
7297
7310
7298
7311
7299
7312
7300
7313
7301
7314
7302
7315
7303
7316
7304
7317
7305
7318
7306
7319
7307
7320
7308
7321
7309
7322
7310
7323
7311
7324
7312
7325
7313
7326
7314
7327
7315
7328
7316
7329
7317
7330
7318
7331
7319
7332
7320
7333
7321
7334
7322
7335
7323
7336
7324
7337
7325
7338
7326
7339
7327
7340
7328
7341
7329
7342
7330
7343
7331
7344
7332
7345
7333
7346
7334
7347
7335
7348
7336
7349
7337
7350
7338
7351
7339
7352
7340
7353
7341
7354
7342
7355
7343
7356
7344
7357
7345
7358
7346
7359
7347
7360
7348
7361
7349
7362
7350
7363
7351
7364
7352
7365
7353
7366
7354
7367
7355
7368
7356
7369
7357
7370
7358
7371
7359
7372
7360
7373
7361
7374
7362
7375
7363
7376
7364
7377
7365
7378
7366
7379
7367
7380
7368
7381
7369
7382
7370
7383
7371
7384
7372
7385
7373
7386
7374
7387
7375
7388
7376
7389
7377
7390
7378
7391
7379
7392
7380
7393
7381
7394
7382
7395
7383
7396
7384
7397
7385
7398
7386
7399
7387
7400
7388
7401
7389
7402
7390
7403
7391
7404
7392
7405
7393
7406
7394
7407
7395
7408
7396
7409
7397
7410
7398
7411
7399
7412
7400
7413
7401
7414
7402
7415
7403
7416
7404
7417
7405
7418
7406
7419
7407
7420
7408
7421
7409
7422
7410
7423
7411
7424
7412
7425
7413
7426
7414
7427
7415
7428
7416
7429
7417
7430
7418
7431
7419
7432
7420
7433
7421
7434
7422
7435
7423
7436
7424
7437
7425
7438
7426
7439
7427
7440
7428
7441
7429
7442
7430
7443
7431
7444
7432
7445
7433
7446
7434
7447
7435
7448
7436
7449
7437
7450
7438
7451
7439
7452
7440
7453
7441
7454
7442
7455
7443
7456
7444
7457
7445
7458
7446
7459
7447
7460
7448
7461
7449
7462
7450
7463
7451
7464
7452
7465
7453
7466
7454
7467
7455
7468
7456
7469
7457
7470
7458
7471
7459
7472
7460
7473
7461
7474
7462
7475
7463
7476
7464
7477
7465
7478
7466
7479
7467
7480
7468
7481
7469
7482
7470
7483
7471
7484
7472
7485
7473
7486
7474
7487
7475
7488
7476
7489
7477
7490
7478
7491
7479
7492
7480
7493
7481
7494
7482
7495
7483
7496
7484
7497
7485
7498
7486
7499
7487
7500
7488
7501
7489
7502
7490
7503
7491
7504
7492
7505
7493
7506
7494
7507
7495
7508
7496
7509
7497
7510
7498
7511
7499
7512
7500
7513
7501
7514
7502
7515
7503
7516
7504
7517
7505
7518
7506
7519
7507
7520
7508
7521
7509
7522
7510
7523
7511
7524
7512
7525
7513
7526
7514
7527
7515
7528
7516
7529
7517
7530
7518
7531
7519
7532
7520
7533
7521
7534
7522
7535
7523
7536
7524
7537
7525
7538
7526
7539
7527
7540
7528
7541
7529
7542
7530
7543
7531
7544
7532
7545
7533
7546
7534
7547
7535
7548
7536
7549
7537
7550
7538
7551
7539
7552
7540
7553
7541
7554
7542
7555
7543
7556
7544
7557
7545
7558
7546
7559
7547
7560
7548
7549
7561
7550
7562
7551
7563
7552
7564
7553
7565
7554
7566
7555
7567
7556
7568
7557
7569
7558
7570
7559
7571
7560
7572
7561
7573
7562
7574
7563
7575
7564
7576
7565
7577
7566
7578
7567
7579
7568
7580
7569
7581
7570
7582
7571
7583
7572
7584
7573
7585
7574
7586
7575
7587
7576
7588
7577
7589
7578
7590
7579
7591
7580
7592
7581
7593
7582
7594
7583
7595
7584
7596
7585
7597
7586
7598
7587
7599
7588
7600
7589
7601
7590
7602
7591
7603
7592
7604
7593
7605
7594
7606
7595
7607
7596
7608
7597
7609
7598
7610
7599
7611
7600
7612
7601
7613
7602
7614
7603
7615
7604
7616
7605
7617
7606
7618
7607
7619
7608
7620
7609
7621
7610
7622
7611
7623
7612
7624
7613
7625
7614
7626
7615
7627
7616
7628
7617
7629
7618
7630
7619
7631
7620
7632
7621
7633
7622
7634
7623
7635
7624
7636
7625
7637
7626
7638
7627
7639
7628
7640
7629
7641
7630
7642
7631
7643
7632
7644
7633
7645
7634
7646
7635
7647
7636
7648
7637
7649
7638
7650
7639
7651
7640
7652
7641
7653
7642
7654
7643
7655
7644
7656
7645
7657
7646
7658
7647
7659
7648
7660
7649
7661
7650
7662
7651
7663
7652
7664
7653
7665
7654
7666
7655
7667
7656
7668
7657
7669
7658
7670
7659
7671
7660
7672
7661
7673
7662
7674
7663
7675
7664
7676
7665
7677
7666
7678
7667
7679
7668
7680
7669
7681
7670
7682
7671
7683
7672
7684
7673
7685
7674
7686
7675
7687
7676
7688
7677
7689
7678
7690
7679
7691
7680
7692
7681
7693
7682
7694
7683
7695
7684
7696
7685
7697
7686
7698
7687
7699
7688
7700
7689
7701
7690
7702
7691
7703
7692
7704
7693
7705
7694
7706
7695
7707
7696
7708
7697
7709
7698
7710
7699
7711
7700
7712
7701
7713
7702
7714
7703
7715
7704
7716
7705
7717
7706
7718
7707
7719
7708
7720
7709
7721
7710
7722
7711
7723
7712
7724
7713
7725
7714
7726
7715
7727
7716
7728
7717
7729
7718
7730
7719
7731
7720
7732
7721
7733
7722
7734
7723
7735
7724
7736
7725
7737
7726
7738
7727
7739
7728
7740
7729
7741
7730
7742
7731
7743
7732
7744
7733
7745
7734
7746
7735
7747
7736
7748
7737
7749
7738
7750
7739
7751
7740
7752
7741
7753
7742
7754
7743
7755
7744
7756
7745
7757
7746
7758
7747
7759
7748
7760
7749
7761
7750
7762
7751
7763
7752
7764
7753
7765
7754
7766
7755
7767
7756
7768
7757
7769
7758
7770
7759
7771
7760
7772
7761
7773
7762
7774
7763
7775
7764
7776
7765
7777
7766
7778
7767
7779
7768
7780
7769
7781
7770
7782
7771
7783
7772
7784
7773
7785
7774
7786
7775
7787
7776
7788
7777
7789
7778
7790
7779
7791
7780
7792
7781
7793
7782
7794
7783
7795
7784
7796
7785
7797
7786
7798
7787
7799
7788
7800
7789
7801
7790
7802
7791
7803
7792
7804
7793
7805
7794
7806
7795
7807
7796
7808
7797
7809
7798
7810
7799
7811
7800
7812
7801
7813
7802
7814
7803
7815
7804
7816
7805
7817
7806
7818
7807
7819
7808
7820
7809
7821
7810
7822
7811
7823
7812
7824
7813
7825
7814
7826
7815
7827
7816
7828
7817
7829
7818
7830
7819
7831
7820
7832
7821
7833
7822
7834
7823
7835
7824
7836
7825
7837
7826
7838
7827
7839
7828
7840
7829
7841
7830
7842
7831
7843
7832
7844
7833
7845
7834
7846
7835
7847
7836
7848
7837
7849
7838
7850
7839
7851
7840
7852
7841
7853
7842
7854
7843
7855
7844
7856
7845
7857
7846
7858
7847
7859
7848
7860
7849
7861
7850
7862
7851
7863
7852
7864
7853
7865
7854
7866
7855
7867
7856
7868
7857
7869
7858
7870
7859
7871
7860
7872
7861
7873
7862
7874
7863
7875
7864
7876
7865
7877
7866
7878
7867
7879
7868
7880
7869
7881
7870
7882
7871
7883
7872
7884
7873
7885
7874
7886
7875
7887
7876
7888
7877
7889
7878
7890
7879
7891
7880
7892
7881
7893
7882
7894
7883
7895
7884
7896
7885
7897
7886
7898
7887
7899
7888
7900
7889
7901
7890
7902
7891
7903
7892
7904
7893
7905
7894
7906
7895
7907
7896
7908
7897
7909
7898
7910
7899
7911
7900
7912
7901
7913
7902
7914
7903
7915
7904
7916
7905
7917
7906
7918
7907
7919
7908
7920
7909
7921
7910
7922
7911
7923
7912
7924
7913
7925
7914
7926
7915
7927
7916
7928
7917
7929
7918
7930
7919
7931
7920
7932
7921
7933
7922
7934
7923
7935
7924
7936
7925
7937
7926
7938
7927
7939
7928
7940
7929
7941
7930
7942
7931
7943
7932
7944
7933
7945
7934
7946
7935
7947
7936
7948
7937
7949
7938
7950
7939
7951
7940
7952
7941
7953
7942
7954
7943
7955
7944
7956
7945
7957
7946
7958
7947
7959
7948
7960
7949
7961
7950
7962
7951
7963
7952
7964
7953
7965
7954
7966
7955
7967
7956
7968
7957
7969
7958
7970
7959
7971
7960
7972
7961
7973
7962
7974
7963
7975
7964
7976
7965
7977
7966
7978
7967
7979
7968
7980
7969
7981
7970
7982
7971
7983
7972
7984
7973
7985
7974
7986
7975
7987
7976
7988
7977
7989
7978
7990
7979
7991
7980
7992
7981
7993
7982
7994
7983
7995
7984
7996
7985
7997
7986
7998
7987
7999
7988
8000
7989
8001
7990
8002
7991
8003
7992
8004
7993
8005
7994
8006
7995
8007
7996
8008
7997
8009
7998
8010
7999
8011
8000
8012
8001
8013
8002
8014
8003
8015
8004
8016
8005
8017
8006
8018
8007
8019
8008
8020
8009
8021
8010
8022
8011
8023
8012
8024
8013
8025
8014
8026
8015
8027
8016
8028
8017
8029
8018
8030
8019
8031
8020
8032
8021
8033
8022
8034
8023
8035
8024
8036
8025
8037
8026
8038
8027
8039
8028
8040
8029
8041
8030
8042
8031
8043
8032
8044
8033
8045
8034
8046
8035
8047
8036
8048
8037
8049
8038
8050
8039
8051
8040
8052
8041
8053
8042
8054
8043
8055
8044
8056
8045
8057
8046
8058
8047
8059
8048
8060
8049
8061
8050
8062
8051
8063
8052
8064
8053
8065
8054
8066
8055
8067
8056
8068
8057
8069
8058
8070
8059
8071
8060
8072
8061
8073
8062
8074
8063
8075
8064
8076
8065
8077
8066
8078
8067
8079
8068
8080
8069
8081
8070
8082
8071
8083
8072
8084
8073
8085
8074
8086
8075
8087
8076
8088
8077
8089
8078
8090
8079
8091
8080
8092
8081
8093
8082
8094
8083
8095
8084
8096
8085
8097
8086
8098
8087
8099
8088
8100
8089
8101
8090
8102
8091
8103
8092
8104
8093
8105
8094
8106
8095
8107
8096
8108
8097
8109
8098
8110
8099
8111
8100
8112
8101
8113
8102
8114
8103
8115
8104
8116
8105
8117
8106
8118
8107
8119
8108
8120
8109
8121
8110
8122
8111
8123
8112
8124
8113
8125
8114
8126
8115
8127
8116
8128
8117
8129
8118
8130
8119
8131
8120
8132
8121
8133
8122
8134
8123
8135
8124
8136
8125
8137
8126
8138
8127
8139
8128
8140
8129
8141
8130
8142
8131
8143
8132
8144
8133
8145
8134
8146
8135
8147
8136
8148
8137
8149
8138
8150
8139
8151
8140
8152
8141
8153
8142
8154
8143
8155
8144
8156
8145
8157
8146
8158
8147
8159
8148
8160
8149
8161
8150
8162
8151
8163
8152
8164
8153
8165
8154
8166
8155
8167
8156
8168
8157
8169
8158
8170
8159
8171
8160
8172
8161
8173
8162
8174
8163
8175
8164
8176
8165
8177
8166
8178
8167
8179
8168
8180
8169
8181
8170
8182
8171
8183
8172
8184
8173
8185
8174
8186
8175
8187
8176
8188
8177
8189
8178
8190
8179
8191
8180
8192
8181
8193
8182
8194
8183
8195
8184
8196
8185
8197
8186
8198
8187
8199
8188
8200
8189
8201
8190
8202
8191
8203
8192
8204
8193
8205
8194
8206
8195
8207
8196
8208
8197
8209
8198
8210
8199
8211
8200
8212
8201
8213
8202
8214
8203
8215
8204
8216
8205
8217
8206
8218
8207
8219
8208
8220
8209
8221
8210
8222
8211
8223
8212
8224
8213
8225
8214
8226
8215
8227
8216
8228
8217
8229
8218
8230
8219
8231
8220
8232
8221
8233
8222
8234
8223
8235
8224
8236
8225
8237
8226
8238
8227
8239
8228
8240
8229
8241
8230
8242
8231
8243
8232
8244
8233
8245
8234
8246
8235
8247
8236
8248
8237
8249
8238
8250
8239
8251
8240
8252
8241
8253
8242
8254
8243
8255
8244
8256
8245
8257
8246
8258
8247
8259
8248
8260
8249
8261
8250
8262
8251
8263
8252
8264
8253
8265
8254
8266
8255
8267
8256
8268
8257
8269
8258
8270
8259
8271
8260
8272
8261
8273
8262
8274
8263
8275
8264
8276
8265
8277
8266
8278
8267
8279
8268
8280
8269
8281
8270
8282
8271
8283
8272
8284
8273
8285
8274
8286
8275
8287
8276
8288
8277
8289
8278
8290
8279
8291
8280
8292
8281
8293
8282
8294
8283
8295
8284
8296
8285
8297
8286
8287
8298
8288
8299
8289
8300
8290
8301
8291
8302
8292
8303
8293
8304
8294
8305
8295
8306
8296
8307
8297
8308
8298
8309
8299
8310
8300
8311
8301
8312
8302
8313
8303
8314
8304
8315
8305
8316
8306
8317
8307
8318
8308
8319
8309
8320
8310
8321
8311
8322
8312
8323
8313
8324
8314
8325
8315
8326
8316
8327
8317
8328
8318
8329
8319
8330
8320
8331
8321
8332
8322
8333
8323
8334
8324
8335
8325
8336
8326
8337
8327
8338
8328
8339
8329
8340
8330
8341
8331
8342
8332
8343
8333
8344
8334
8345
8335
8346
8336
8347
8337
8348
8338
8349
8339
8350
8340
8351
8341
8352
8342
8353
8343
8354
8344
8355
8345
8356
8346
8357
8347
8348
8358
8349
8359
8350
8360
8351
8361
8352
8362
8353
8363
8354
8364
8355
8365
8356
8366
8357
8367
8358
8368
8359
8369
8360
8370
8361
8371
8362
8372
8363
8373
8364
8374
8365
8375
8366
8376
8367
8377
8368
8378
8369
8379
8370
8380
8371
8381
8372
8382
8373
8383
8374
8384
8375
8385
8376
8386
8377
8387
8378
8388
8379
8389
8380
8390
8381
8391
8382
8392
8383
8393
8384
8394
8385
8395
8386
8396
8387
8397
8388
8398
8389
8399
8390
8400
8391
8401
8392
8402
8393
8403
8394
8404
8395
8405
8396
8406
8397
8407
8398
8408
8399
8409
8400
8410
8401
8411
8402
8412
8403
8413
8404
8414
8405
8415
8406
8416
8407
8417
8408
8418
8409
8419
8410
8420
8411
8421
8412
8422
8413
8423
8414
8424
8415
8425
8416
8426
8417
8427
8418
8428
8419
8429
8420
8430
8421
8431
8422
8432
8423
8433
8424
8434
8425
8435
8426
8436
8427
8437
8428
8438
8429
8439
8430
8440
8431
8441
8432
8442
8433
8443
8434
8444
8435
8445
8436
8446
8437
8447
8438
8448
8439
8449
8440
8450
8441
8451
8442
8452
8443
8453
8444
8454
8445
8455
8446
8456
8447
8457
8448
8458
8449
8459
8450
8460
8451
8461
8452
8462
8453
8463
8454
8464
8455
8465
8456
8466
8457
8467
8458
8468
8459
8469
8460
8470
8461
8471
8462
8472
8463
8473
8464
8474
8465
8475
8466
8476
8467
8477
8468
8478
8469
8479
8470
8480
8471
8481
8472
8482
8473
8483
8474
8484
8475
8485
8476
8486
8477
8487
8478
8488
8479
8489
8480
8490
8481
8491
8482
8492
8483
8493
8484
8494
8485
8495
8486
8496
8487
8497
8488
8498
8489
8499
8490
8500
8491
8501
8492
8502
8493
8503
8494
8504
8495
8505
8496
8506
8497
8507
8498
8508
8499
8509
8500
8510
8501
8511
8502
8512
8503
8513
8504
8514
8505
8515
8506
8516
8507
8517
8508
8518
8509
8519
8510
8520
8511
8521
8512
8522
8513
8523
8514
8524
8515
8525
8516
8526
8517
8527
8518
8528
8519
8529
8520
8530
8521
8531
8522
8532
8523
8533
8524
8534
8525
8535
8526
8536
8527
8537
8528
8538
8529
8539
8530
8540
8531
8541
8532
8542
8533
8543
8534
8544
8535
8545
8536
8546
8537
8547
8538
8548
8539
8549
8540
8550
8541
8551
8542
8552
8543
8553
8544
8554
8545
8555
8546
8556
8547
8557
8548
8558
8549
8559
8550
8560
8551
8561
8552
8562
8553
8563
8554
8564
8555
8565
8556
8566
8557
8567
8558
8568
8559
8569
8560
8570
8561
8571
8562
8572
8563
8573
8564
8574
8565
8575
8566
8576
8567
8577
8568
8578
8569
8579
8570
8580
8571
8581
8572
8582
8573
8583
8574
8584
8575
8585
8576
8586
8577
8587
8578
8588
8579
8589
8580
8590
8581
8591
8582
8592
8583
8593
8584
8594
8585
8595
8586
8596
8587
8597
8588
8598
8589
8599
8590
8600
8591
8601
8592
8602
8593
8603
8594
8604
8595
8605
8596
8606
8597
8607
8598
8608
8599
8609
8600
8610
8601
8611
8602
8612
8603
8613
8604
8614
8605
8615
8606
8616
8607
8617
8608
8618
8609
8619
8610
8620
8611
8621
8612
8622
8613
8623
8614
8624
8615
8625
8616
8626
8617
8627
8618
8628
8619
8629
8620
8630
8621
8631
8622
8632
8623
8633
8624
8634
8625
8635
8626
8636
8627
8637
8628
8638
8629
8639
8630
8640
8631
8641
8632
8642
8633
8643
8634
8644
8635
8645
8636
8646
8637
8647
8638
8648
8639
8649
8640
8650
8641
8651
8642
8652
8643
8653
8644
8654
8645
8655
8646
8656
8647
8657
8648
8658
8649
8659
8650
8660
8651
8661
8652
8662
8653
8663
8654
8664
8655
8665
8656
8666
8657
8667
8658
8668
8659
8669
8660
8670
8661
8671
8662
8672
8663
8673
8664
8674
8665
8675
8666
8676
8667
8677
8668
8678
8669
8679
8670
8680
8671
8681
8672
8682
8673
8683
8674
8684
8675
8685
8676
8686
8677
8687
8678
8688
8679
8689
8680
8690
8681
8691
8682
8692
8683
8693
8684
8694
8685
8695
8686
8696
8687
8697
8688
8698
8689
8699
8690
8700
8691
8701
8692
8702
8693
8703
8694
8704
8695
8705
8696
8706
8697
8707
8698
8708
8699
8709
8700
8710
8701
8711
8702
8712
8703
8713
8704
8714
8705
8715
8706
8716
8707
8717
8708
8718
8709
8719
8710
8720
8711
8721
8712
8722
8713
8723
8714
8724
8715
8725
8716
8726
8717
8727
8718
8728
8719
8729
8720
8730
8721
8731
8722
8732
8723
8733
8724
8734
8725
8735
8726
8736
8727
8737
8728
8738
8729
8739
8730
8740
8731
8741
8732
8742
8733
8743
8734
8744
8735
8745
8736
8746
8737
8747
8738
8748
8739
8749
8740
8750
8741
8751
8742
8752
8743
8753
8744
8754
8745
8755
8746
8756
8747
8757
8748
8758
8749
8759
8750
8760
8751
8761
8752
8762
8753
8763
8754
8764
8755
8765
8756
8766
8757
8767
8758
8768
8759
8769
8760
8770
8761
8771
8762
8772
8763
8773
8764
8774
8765
8775
8766
8776
8767
8777
8768
8778
8769
8779
8770
8780
8771
8781
8772
8782
8773
8783
8774
8784
8775
8785
8776
8786
8777
8787
8778
8788
8779
8789
8780
8790
8781
8791
8782
8792
8783
8793
8784
8794
8785
8795
8786
8796
8787
8797
8788
8798
8789
8799
8790
8800
8791
8801
8792
8802
8793
8803
8794
8804
8795
8805
8796
8806
8797
8807
8798
8808
8799
8809
8800
8810
8801
8811
8802
8812
8803
8813
8804
8814
8805
8815
8806
8816
8807
8817
8808
8818
8809
8819
8810
8820
8811
8821
8812
8822
8813
8823
8814
8824
8815
8825
8816
8826
8817
8827
8818
8828
8819
8829
8820
8830
8821
8831
8822
8832
8823
8833
8824
8834
8825
8835
8826
8836
8827
8837
8828
8838
8829
8839
8830
8840
8831
8841
8832
8842
8833
8843
8834
8844
8835
8845
8836
8846
8837
8847
8838
8848
8839
8849
8840
8850
8841
8851
8842
8852
8843
8853
8844
8854
8845
8855
8846
8856
8847
8857
8848
8858
8849
8859
8850
8860
8851
8861
8852
8862
8853
8863
8854
8864
8855
8865
8856
8866
8857
8867
8858
8868
8859
8869
8860
8870
8861
8871
8862
8872
8863
8873
8864
8874
8865
8875
8866
8876
8867
8877
8868
8878
8869
8879
8870
8880
8871
8881
8872
8882
8873
8883
8874
8884
8875
8885
8876
8886
8877
8887
8878
8888
8879
8889
8880
8890
8881
8891
8882
8892
8883
8893
8884
8894
8885
8895
8886
8896
8887
8897
8888
8898
8889
8899
8890
8900
8891
8901
8892
8902
8893
8903
8894
8904
8895
8905
8896
8906
8897
8907
8898
8908
8899
8909
8900
8910
8901
8911
8902
8912
8903
8913
8904
8914
8905
8915
8906
8916
8907
8917
8908
8918
8909
8919
8910
8920
8911
8921
8912
8922
8913
8923
8914
8924
8915
8925
8916
8926
8917
8927
8918
8928
8919
8929
8920
8930
8921
8931
8922
8932
8923
8933
8924
8934
8925
8935
8926
8936
8927
8937
8928
8938
8929
8939
8930
8940
8931
8941
8932
8942
8933
8943
8934
8944
8935
8945
8936
8946
8937
8947
8938
8948
8939
8949
8940
8950
8941
8951
8942
8952
8943
8953
8944
8954
8945
8955
8946
8956
8947
8957
8948
8958
8949
8959
8950
8960
8951
8961
8952
8962
8953
8963
8954
8964
8955
8965
8956
8966
8957
8967
8958
8968
8959
8969
8960
8970
8961
8971
8962
8972
8963
8973
8964
8974
8965
8975
8966
8976
8967
8977
8968
8978
8969
8979
8970
8980
8971
8981
8972
8982
8973
8983
8974
8984
8975
8985
8976
8986
8977
8987
8978
8988
8979
8989
8980
8990
8981
8991
8982
8992
8983
8993
8984
8994
8985
8995
8986
8996
8987
8997
8988
8998
8989
8999
8990
9000
8991
9001
8992
9002
8993
9003
8994
9004
8995
9005
8996
9006
8997
9007
8998
9008
8999
9009
9000
9010
9001
9011
9002
9012
9003
9013
9004
9014
9005
9015
9006
9016
9007
9017
9008
9018
9009
9019
9010
9020
9011
9021
9012
9022
9013
9023
9014
9024
9015
9025
9016
9026
9017
9027
9018
9028
9019
9029
9020
9030
9021
9031
9022
9032
9023
9033
9024
9034
9025
9035
9026
9036
9027
9037
9028
9038
9029
9039
9030
9040
9031
9041
9032
9042
9033
9043
9034
9044
9035
9045
9036
9046
9037
9047
9038
9048
9039
9049
9040
9050
9041
9051
9042
9052
9043
9053
9044
9054
9045
9055
9046
9056
9047
9057
9048
9058
9049
9059
9050
9060
9051
9061
9052
9062
9053
9063
9054
9064
9055
9065
9056
9066
9057
9067
9058
9068
9059
9069
9060
9070
9061
9071
9062
9072
9063
9073
9064
9074
9065
9075
9066
9076
9067
9077
9068
9078
9069
9079
9070
9080
9071
9081
9072
9082
9073
9083
9074
9084
9075
9085
9076
9086
9077
9087
9078
9088
9079
9089
9080
9090
9081
9091
9082
9092
9083
9093
9084
9094
9085
9095
9086
9096
9087
9097
9088
9098
9089
9099
9090
9100
9091
9101
9092
9102
9093
9103
9094
9104
9095
9105
9096
9106
9097
9107
9098
9108
9099
9109
9100
9110
9101
9111
9102
9112
9103
9113
9104
9114
9105
9115
9106
9116
9107
9117
9108
9118
9109
9119
9110
9120
9111
9121
9112
9122
9113
9123
9114
9124
9115
9125
9116
9126
9117
9127
9118
9128
9119
9129
9120
9130
9121
9131
9122
9132
9123
9133
9124
9134
9125
9135
9126
9136
9127
9137
9128
9138
9129
9139
9130
9140
9131
9141
9132
9142
9133
9143
9134
9144
9135
9145
9136
9146
9137
9147
9138
9148
9139
9149
9140
9150
9141
9151
9142
9152
9143
9153
9144
9154
9145
9155
9146
9156
9147
9157
9148
9158
9149
9159
9150
9160
9151
9161
9152
9162
9153
9163
9154
9164
9155
9165
9156
9166
9157
9167
9158
9168
9159
9169
9160
9170
9161
9171
9162
9172
9163
9173
9164
9174
9165
9175
9166
9176
9167
9177
9168
9178
9169
9179
9170
9180
9171
9181
9172
9182
9173
9183
9174
9184
9175
9185
9176
9186
9177
9187
9178
9188
9179
9189
9180
9190
9181
9191
9182
9192
9183
9193
9184
9194
9185
9195
9186
9196
9187
9197
9188
9198
9189
9199
9190
9200
9191
9201
9192
9202
9193
9203
9194
9204
9195
9205
9196
9206
9197
9207
9198
9208
9199
9209
9200
9210
9201
9211
9202
9212
9203
9213
9204
9214
9205
9215
9206
9216
9207
9217
9208
9218
9209
9219
9210
9220
9211
9221
9212
9222
9213
9223
9214
9224
9215
9225
9216
9226
9217
9227
9218
9228
9219
9229
9220
9230
9221
9222
9231
9223
9232
9224
9233
9225
9234
9226
9235
9227
9236
9228
9237
9229
9238
9230
9239
9231
9240
9232
9241
9233
9242
9234
9243
9235
9244
9236
9245
9237
9246
9238
9247
9239
9248
9240
9249
9241
9250
9242
9251
9243
9252
9244
9253
9245
9254
9246
9255
9247
9256
9248
9257
9249
9258
9250
9259
9251
9260
9252
9261
9253
9262
9254
9263
9255
9264
9256
9265
9257
9266
9258
9267
9259
9268
9260
9269
9261
9270
9262
9271
9263
9272
9264
9273
9265
9274
9266
9275
9267
9276
9268
9277
9269
9278
9270
9279
9271
9280
9272
9281
9273
9282
9274
9283
9275
9284
9276
9285
9277
9286
9278
9287
9279
9288
9280
9289
9281
9290
9282
9291
9283
9292
9284
9293
9285
9294
9286
9295
9287
9296
9288
9297
9289
9298
9290
9299
9291
9300
9292
9301
9293
9302
9294
9303
9295
9304
9296
9305
9297
9306
9298
9307
9299
9308
9300
9309
9301
9310
9302
9311
9303
9312
9304
9313
9305
9314
9306
9315
9307
9316
9308
9317
9309
9318
9310
9319
9311
9320
9312
9321
9313
9322
9314
9323
9315
9324
9316
9325
9317
9326
9318
9327
9319
9328
9320
9329
9321
9330
9322
9331
9323
9332
9324
9333
9325
9334
9326
9335
9327
9336
9328
9337
9329
9338
9330
9339
9331
9340
9332
9341
9333
9342
9334
9343
9335
9344
9336
9345
9337
9346
9338
9339
9347
9340
9348
9341
9349
9342
9350
9343
9351
9344
9352
9345
9353
9346
9354
9347
9355
9348
9356
9349
9357
9350
9358
9351
9359
9352
9360
9353
9361
9354
9362
9355
9363
9356
9364
9357
9365
9358
9366
9359
9367
9360
9368
9361
9369
9362
9370
9363
9371
9364
9372
9365
9373
9366
9374
9367
9375
9368
9376
9369
9377
9370
9378
9371
9379
9372
9380
9373
9381
9374
9382
9375
9383
9376
9384
9377
9385
9378
9386
9379
9387
9380
9388
9381
9389
9382
9390
9383
9391
9384
9392
9385
9393
9386
9394
9387
9395
9388
9396
9389
9397
9390
9398
9391
9399
9392
9400
9393
9401
9394
9402
9395
9403
9396
9404
9397
9405
9398
9406
9399
9407
9400
9408
9401
9409
9402
9410
9403
9411
9404
9412
9405
9413
9406
9414
9407
9415
9408
9416
9409
9417
9410
9418
9411
9419
9412
9420
9413
9421
9414
9422
9415
9423
9416
9424
9417
9425
9418
9426
9419
9427
9420
9428
9421
9429
9422
9430
9423
9431
9424
9432
9425
9433
9426
9434
9427
9435
9428
9436
9429
9437
9430
9438
9431
9439
9432
9440
9433
9441
9434
9442
9435
9443
9436
9444
9437
9445
9438
9446
9439
9447
9440
9448
9441
9449
9442
9450
9443
9451
9444
9452
9445
9453
9446
9454
9447
9455
9448
9456
9449
9457
9450
9458
9451
9459
9452
9460
9453
9461
9454
9462
9455
9463
9456
9464
9457
9465
9458
9466
9459
9467
9460
9468
9461
9469
9462
9470
9463
9471
9464
9472
9465
9473
9466
9474
9467
9475
9468
9476
9469
9477
9470
9478
9471
9479
9472
9480
9473
9481
9474
9482
9475
9483
9476
9484
9477
9485
9478
9486
9479
9487
9480
9488
9481
9489
9482
9490
9483
9491
9484
9492
9485
9493
9486
9494
9487
9495
9488
9496
9489
9497
9490
9498
9491
9499
9492
9500
9493
9501
9494
9502
9495
9503
9496
9504
9497
9505
9498
9506
9499
9507
9500
9508
9501
9509
9502
9510
9503
9511
9504
9512
9505
9513
9506
9514
9507
9515
9508
9516
9509
9517
9510
9518
9511
9519
9512
9520
9513
9521
9514
9522
9515
9523
9516
9524
9517
9525
9518
9526
9519
9527
9520
9528
9521
9529
9522
9530
9523
9531
9524
9532
9525
9533
9526
9534
9527
9535
9528
9536
9529
9537
9530
9538
9531
9539
9532
9540
9533
9541
9534
9542
9535
9543
9536
9544
9537
9545
9538
9546
9539
9547
9540
9548
9541
9549
9542
9550
9543
9551
9544
9552
9545
9553
9546
9554
9547
9555
9548
9556
9549
9557
9550
9558
9551
9559
9552
9560
9553
9561
9554
9562
9555
9563
9556
9564
9557
9565
9558
9566
9559
9567
9560
9568
9561
9569
9562
9570
9563
9571
9564
9572
9565
9573
9566
9574
9567
9575
9568
9576
9569
9577
9570
9578
9571
9579
9572
9580
9573
9581
9574
9582
9575
9583
9576
9584
9577
9585
9578
9586
9579
9587
9580
9588
9581
9589
9582
9590
9583
9591
9584
9592
9585
9593
9586
9594
9587
9595
9588
9596
9589
9597
9590
9598
9591
9599
9592
9600
9593
9601
9594
9602
9595
9603
9596
9604
9597
9605
9598
9606
9599
9607
9600
9608
9601
9609
9602
9610
9603
9611
9604
9612
9605
9613
9606
9614
9607
9615
9608
9616
9609
9617
9610
9618
9611
9619
9612
9620
9613
9621
9614
9622
9615
9623
9616
9624
9617
9625
9618
9626
9619
9627
9620
9628
9621
9629
9622
9630
9623
9631
9624
9632
9625
9633
9626
9634
9627
9635
9628
9636
9629
9637
9630
9638
9631
9639
9632
9640
9633
9641
9634
9642
9635
9643
9636
9644
9637
9645
9638
9646
9639
9647
9640
9648
9641
9649
9642
9650
9643
9651
9644
9652
9645
9653
9646
9654
9647
9655
9648
9656
9649
9657
9650
9658
9651
9659
9652
9660
9653
9661
9654
9662
9655
9663
9656
9664
9657
9665
9658
9666
9659
9667
9660
9668
9661
9669
9662
9670
9663
9671
9664
9672
9665
9673
9666
9674
9667
9675
9668
9676
9669
9677
9670
9678
9671
9679
9672
9680
9673
9681
9674
9682
9675
9683
9676
9684
9677
9685
9678
9686
9679
9687
9680
9688
9681
9689
9682
9690
9683
9691
9684
9692
9685
9693
9686
9694
9687
9695
9688
9696
9689
9697
9690
9698
9691
9699
9692
9700
9693
9701
9694
9702
9695
9703
9696
9704
9697
9705
9698
9706
9699
9707
9700
9708
9701
9709
9702
9710
9703
9711
9704
9712
9705
9713
9706
9707
9714
9708
9715
9709
9716
9710
9717
9711
9718
9712
9719
9713
9720
9714
9721
9715
9722
9716
9723
9717
9724
9718
9725
9719
9726
9720
9727
9721
9728
9722
9729
9723
9730
9724
9731
9725
9732
9726
9733
9727
9734
9728
9735
9729
9736
9730
9737
9731
9738
9732
9739
9733
9740
9734
9741
9735
9742
9736
9743
9737
9744
9738
9745
9739
9746
9740
9747
9741
9748
9742
9749
9743
9750
9744
9751
9745
9752
9746
9753
9747
9754
9748
9755
9749
9756
9750
9757
9751
9758
9752
9759
9753
9760
9754
9761
9755
9762
9756
9763
9757
9764
9758
9765
9759
9766
9760
9767
9761
9768
9762
9769
9763
9770
9764
9771
9765
9772
9766
9773
9767
9774
9768
9775
9769
9776
9770
9777
9771
9778
9772
9779
9773
9780
9774
9781
9775
9782
9776
9783
9777
9784
9778
9785
9779
9786
9780
9787
9781
9788
9782
9789
9783
9790
9784
9791
9785
9792
9786
9793
9787
9794
9788
9795
9789
9796
9790
9797
9791
9798
9792
9799
9793
9800
9794
9801
9795
9802
9796
9803
9797
9804
9798
9805
9799
9806
9800
9807
9801
9808
9802
9809
9803
9810
9804
9811
9805
9812
9806
9813
9807
9814
9808
9815
9809
9816
9810
9817
9811
9818
9812
9819
9813
9820
9814
9821
9815
9822
9816
9823
9817
9824
9818
9825
9819
9826
9820
9827
9821
9828
9822
9829
9823
9830
9824
9831
9825
9832
9826
9833
9827
9834
9828
9835
9829
9836
9830
9837
9831
9838
9832
9839
9833
9840
9834
9841
9835
9842
9836
9843
9837
9844
9838
9845
9839
9846
9840
9847
9841
9848
9842
9849
9843
9850
9844
9851
9845
9852
9846
9853
9847
9854
9848
9855
9849
9856
9850
9857
9851
9858
9852
9859
9853
9860
9854
9861
9855
9862
9856
9863
9857
9864
9858
9865
9859
9866
9860
9867
9861
9868
9862
9869
9863
9870
9864
9871
9865
9872
9866
9873
9867
9874
9868
9875
9869
9876
9870
9877
9871
9878
9872
9879
9873
9880
9874
9881
9875
9882
9876
9883
9877
9884
9878
9885
9879
9886
9880
9887
9881
9888
9882
9889
9883
9890
9884
9891
9885
9892
9886
9893
9887
9894
9888
9895
9889
9896
9890
9897
9891
9898
9892
9899
9893
9900
9894
9901
9895
9902
9896
9903
9897
9904
9898
9905
9899
9906
9900
9907
9901
9908
9902
9909
9903
9910
9904
9911
9905
9912
9906
9913
9907
9914
9908
9915
9909
9916
9910
9917
9911
9918
9912
9919
9913
9920
9914
9921
9915
9922
9916
9923
9917
9924
9918
9925
9919
9926
9920
9927
9921
9928
9922
9929
9923
9930
9924
9931
9925
9932
9926
9933
9927
9934
9928
9935
9929
9936
9930
9937
9931
9938
9932
9939
9933
9940
9934
9941
9935
9942
9936
9943
9937
9944
9938
9945
9939
9946
9940
9947
9941
9948
9942
9949
9943
9950
9944
9951
9945
9952
9946
9953
9947
9954
9948
9955
9949
9956
9950
9957
9951
9958
9952
9959
9953
9960
9954
9961
9955
9962
9956
9963
9957
9964
9958
9965
9959
9966
9960
9967
9961
9968
9962
9969
9963
9970
9964
9971
9965
9972
9966
9973
9967
9974
9968
9975
9969
9976
9970
9977
9971
9978
9972
9979
9973
9980
9974
9981
9975
9982
9976
9983
9977
9984
9978
9985
9979
9986
9980
9987
9981
9988
9982
9989
9983
9990
9984
9991
9985
9992
9986
9993
9987
9994
9988
9995
9989
9996
9990
9997
9991
9998
9992
9999
9993
10000
9994
9995
9996
9997
9998
9999
10000
